killC_1.txt	killC_10.txt	killC_11.txt	killC_12.txt	killC_13.txt	killC_14.txt	killC_15.txt	killC_16.txt	killC_17.txt	killC_18.txt	killC_19.txt	killC_2.txt	killC_20.txt	killC_21.txt	killC_22.txt	killC_23.txt	killC_24.txt	killC_25.txt	killC_26.txt	killC_27.txt	killC_28.txt	killC_29.txt	killC_3.txt	killC_30.txt	killC_31.txt	killC_32.txt	killC_33.txt	killC_34.txt	killC_35.txt	killC_36.txt	killC_37.txt	killC_38.txt	killC_39.txt	killC_4.txt	killC_40.txt	killC_41.txt	killC_42.txt	killC_43.txt	killC_44.txt	killC_45.txt	killC_46.txt	killC_47.txt	killC_48.txt	killC_49.txt	killC_5.txt	killC_50.txt	killC_51.txt	killC_52.txt	killC_53.txt	killC_54.txt	killC_55.txt	killC_56.txt	killC_57.txt	killC_58.txt	killC_59.txt	killC_6.txt	killC_60.txt	killC_61.txt	killC_62.txt	killC_63.txt	killC_64.txt	killC_65.txt	killC_66.txt	killC_67.txt	killC_68.txt	killC_69.txt	killC_7.txt	killC_70.txt	killC_71.txt	killC_72.txt	killC_73.txt	killC_74.txt	killC_75.txt	killC_76.txt	killC_77.txt	killC_78.txt	killC_79.txt	killC_8.txt	killC_80.txt	killC_9.txt
919	512	420	13	207	896	1349	1352	277	1408	980	973	290	32	479	326	1110	833	797	1145	1203	242	1278	473	1408	996	1191	444	1106	364	686	1067	1358	830	984	1017	1425	702	1368	1351	1157	87	1038	478	418	955	155	699	1016	488	567	149	1238	321	223	1301	1150	323	537	82	1363	331	999	1427	866	840	968	553	699	1068	1216	937	1071	22	811	1217	128	348	293	1217
229	1156	372	665	1366	1011	180	1180	993	763	265	382	639	685	1277	608	25	556	913	888	127	880	761	977	501	977	903	1276	1250	1078	232	666	814	1437	170	261	532	790	1168	487	1420	16	709	857	310	1423	710	946	401	873	853	409	689	1096	1367	1435	587	1400	763	1287	16	1331	509	1124	85	385	1078	424	125	757	505	776	308	1083	296	1200	1418	373	1195	8
706	692	1034	712	420	1107	1026	1324	882	67	308	1434	318	1074	901	1273	627	136	174	1295	1256	236	1375	457	421	1038	412	1102	628	764	1288	1371	959	1055	1245	450	421	1206	1179	661	527	1165	708	323	308	1436	373	518	57	1023	535	1068	1002	875	1147	299	1360	16	818	1249	782	1326	263	1295	794	934	1277	312	514	400	655	1015	702	871	994	632	486	421	235	1116
468	1230	1009	243	1237	165	831	533	412	1125	734	645	216	1086	502	1161	797	1112	1107	1434	826	130	1426	956	113	243	839	122	417	515	1319	993	497	420	1388	837	468	65	1245	1396	796	14	1438	333	959	1125	444	732	1223	548	706	192	539	488	685	191	1225	796	1422	419	1027	464	382	202	788	392	534	1432	738	134	354	762	774	430	159	826	328	98	251	238
592	410	940	310	1381	766	872	628	867	666	683	1134	1232	1049	449	1049	955	575	853	478	111	818	1304	585	1205	38	269	1124	603	62	804	1025	930	1258	850	978	827	502	218	1387	1297	1155	1263	125	1288	47	40	830	560	963	1272	9	228	1208	392	16	265	436	499	396	498	66	1401	123	1394	262	1032	210	1371	231	576	843	1048	14	705	247	1005	1259	1069	589
409	407	417	931	329	195	1248	1054	1363	339	1018	1166	135	285	1284	184	1335	104	477	563	965	351	1162	986	977	180	329	1177	69	258	1278	127	233	153	661	583	1206	189	743	1072	145	931	973	60	1207	1141	1073	96	815	1029	460	1223	796	114	607	364	274	863	445	1008	461	1004	268	119	1365	1026	1105	197	849	495	236	1101	178	723	182	410	72	190	336	673
621	16	19	390	575	840	830	103	961	1050	856	1405	471	397	1412	823	1306	644	1252	1045	814	31	507	229	1225	472	541	188	659	3	157	1321	1286	98	1262	550	303	222	335	1166	1139	484	1112	1125	872	845	1053	638	683	1006	529	850	422	518	560	643	930	1434	812	637	816	89	107	1216	1306	1242	852	1309	974	1041	845	761	772	333	144	656	551	864	346	513
353	1184	358	778	466	1437	1280	819	218	113	1044	934	250	1411	493	895	202	438	617	1048	331	312	892	133	809	1077	229	1090	1194	961	43	1189	1205	339	1148	262	981	738	1329	973	281	380	1424	452	954	1037	561	803	1405	824	1009	380	615	73	52	1353	795	1315	1362	1237	1024	5	123	1093	689	61	811	833	973	1090	247	551	1177	1425	826	447	407	1251	980	484
1056	45	100	737	1052	1140	363	710	584	754	546	1141	990	699	248	31	535	1057	1052	858	1010	230	307	1010	854	1128	137	1368	593	891	14	596	1322	932	60	123	425	438	1080	348	464	1054	579	357	1217	1235	19	832	752	190	15	390	32	946	624	1185	1078	402	518	1279	1136	973	391	978	992	29	571	1089	1192	478	352	1282	1074	424	389	1253	1303	96	417	1248
1191	1089	1151	649	456	957	762	1259	843	541	1056	314	1161	1248	140	30	399	1141	284	1011	263	927	891	712	175	1311	48	621	504	910	162	1161	1364	428	1239	1072	1301	467	805	1010	920	393	1028	750	1254	1236	1048	50	1429	55	1143	569	667	22	255	129	129	742	854	712	1261	999	654	82	318	784	596	178	106	140	1129	826	214	205	661	556	794	926	416	206
531	41	508	820	1179	1060	945	607	250	1177	297	1128	1336	1024	1278	747	1242	61	275	679	1079	499	1258	25	1127	316	1356	143	1233	127	457	844	445	933	421	291	501	556	165	1104	508	376	430	1018	1418	911	1336	1356	29	1259	1001	499	919	1056	351	42	732	1435	689	866	555	497	1383	72	389	1179	1064	1383	455	1352	1018	798	927	273	1230	260	379	662	765	1266
1388	224	1229	425	39	923	622	479	875	1265	753	803	511	1186	1334	971	1195	551	854	119	347	171	126	1048	26	1140	1379	1033	547	1219	145	1342	768	114	450	905	748	90	1124	1033	1326	869	604	236	215	1040	1427	312	999	446	875	445	1425	1022	328	252	717	1127	948	235	685	348	928	1384	327	995	697	1145	1407	1379	138	472	880	727	914	792	611	304	941	271
683	1347	767	944	95	218	1264	10	141	487	497	97	704	331	851	1096	1326	1381	1006	1240	316	462	514	1402	1380	1205	1175	344	962	1055	211	962	1208	1135	675	700	218	30	217	734	339	613	7	583	411	970	202	299	1217	496	92	338	1319	966	1252	1141	1280	1431	360	529	147	388	342	1156	1122	878	759	260	1411	51	328	1037	49	964	71	1029	617	558	747	499
391	1208	912	1154	435	1395	169	814	586	889	1063	17	830	1361	352	333	724	370	909	512	240	245	728	1303	387	772	1115	1104	1383	1032	290	1059	446	23	926	402	900	823	1330	314	571	970	650	466	1304	3	280	897	721	1438	1150	927	224	104	123	927	702	1416	1205	435	368	389	197	350	699	153	345	760	883	774	509	539	46	1123	1137	1197	771	652	130	948
1143	688	1201	227	1353	634	664	1150	645	342	1280	1101	642	768	849	841	231	986	410	129	362	1175	1211	550	161	817	783	182	1122	609	276	788	1218	1353	507	926	318	1105	337	839	660	1356	723	1427	279	1201	462	555	904	1274	606	1173	824	841	1249	846	871	440	855	794	1265	1268	1041	810	353	294	187	621	1174	807	632	1283	531	1074	67	442	957	29	1092	172
1156	968	350	185	50	686	685	1408	193	421	16	1200	520	1142	1214	848	814	385	541	172	188	207	405	424	390	1000	1195	489	702	756	1151	128	1121	197	880	746	490	1080	752	428	1317	1078	439	861	982	1052	127	320	572	318	740	768	269	789	156	441	231	1010	747	1386	349	647	199	1162	397	1307	235	588	18	269	692	291	143	281	823	423	291	270	1138	974
772	1204	18	174	703	864	813	528	995	1306	1067	206	611	631	941	439	750	1360	234	840	1000	115	167	946	545	824	967	1298	787	978	356	710	1187	1311	147	1407	35	217	473	775	392	311	599	1320	1397	367	230	106	564	838	625	1381	369	7	1198	908	620	834	567	737	1247	1314	218	282	768	288	100	889	1019	264	17	3	1136	1073	639	152	256	1316	506	1070
272	568	1040	650	333	743	213	1248	1208	1055	431	225	1250	1100	1126	407	1410	937	7	1168	300	1134	964	944	109	577	754	804	942	1378	853	921	944	1407	500	407	704	22	80	805	1276	801	527	998	545	151	286	1349	868	152	368	98	810	513	410	382	806	221	768	16	742	234	1005	425	1437	128	331	37	219	1246	1181	454	988	1258	1385	369	262	667	690	1188
649	486	798	609	291	915	1409	1276	1406	618	1145	1418	1366	1146	1434	380	1368	1202	940	324	1	658	6	283	512	701	1336	815	837	1225	1159	664	734	106	1369	796	271	678	1220	589	807	162	505	502	911	501	498	441	453	97	697	649	745	1103	1287	662	550	336	522	340	569	310	29	809	458	845	387	662	788	108	1424	1102	268	945	39	560	1435	477	173	1371
561	338	917	1085	1077	418	774	632	234	1068	945	1290	515	1319	1161	237	333	447	448	117	1046	234	95	1394	217	191	990	636	1351	142	428	105	14	1292	182	1091	231	1308	370	1238	7	1308	416	999	556	171	130	688	892	896	94	664	628	269	300	889	604	28	367	389	1032	830	392	443	351	969	492	617	1372	1357	342	149	578	1245	716	1093	1088	104	584	959
840	198	842	543	932	769	141	460	980	322	218	96	1133	836	451	406	930	178	1277	1355	460	935	1326	993	340	1268	177	638	564	1434	521	1345	723	576	1399	1131	901	584	943	24	881	416	963	287	386	620	903	126	1316	1173	1197	948	1394	1086	1161	642	1354	164	615	950	473	1275	1067	1287	255	1336	651	517	202	366	1044	302	1126	16	233	751	439	1290	1331	885
46	263	573	1348	1327	453	46	944	1310	554	417	255	192	333	1413	893	1056	707	241	721	1306	305	1197	64	153	7	60	1266	266	1411	348	183	380	189	891	158	1134	1061	950	1145	556	1183	83	848	142	359	568	1056	155	1066	675	384	78	860	373	1229	553	935	1235	316	412	821	763	524	1432	902	912	307	1276	957	495	1051	957	335	392	1330	1081	1117	1264	65
850	816	1206	1016	388	960	422	1423	733	529	1030	618	438	649	977	870	525	433	1338	872	834	1350	82	57	112	1328	988	1165	1007	1296	367	1239	839	304	701	1249	471	1246	569	554	36	1159	181	532	1205	355	806	318	187	943	632	156	290	866	381	696	150	1107	1298	682	940	269	377	631	152	938	261	1337	523	165	219	602	1285	977	352	1267	294	1269	808	1364
1345	1092	475	378	225	1208	788	1283	1069	686	312	365	1104	1285	226	322	1077	978	318	1328	1239	166	548	1414	176	57	1288	163	81	542	906	1205	1135	460	1077	404	1015	1300	469	390	52	42	572	877	1096	561	292	67	853	1334	878	534	354	522	33	1311	745	15	947	1089	57	1077	270	1208	839	15	1028	875	540	482	1211	131	685	1142	1356	181	395	155	500	875
713	1080	706	880	509	1010	720	1176	457	262	1259	965	602	42	462	1053	652	961	830	1273	1378	468	505	807	1216	1422	1311	251	1283	704	1072	600	1392	484	34	150	1064	1112	784	1343	630	45	1203	965	262	570	300	4	1333	42	235	337	969	525	1366	1130	1136	1086	1435	830	383	721	1112	1117	360	617	798	494	83	199	846	868	538	559	761	504	283	982	1297	1382
250	27	1226	1398	669	533	226	811	1184	92	736	248	842	1268	1327	1113	745	713	1317	99	1279	826	1212	1401	419	1178	313	281	124	160	518	391	404	708	589	1366	62	1186	976	137	1261	1036	1433	1435	1252	404	557	1041	184	183	797	847	1105	986	1024	663	235	552	617	960	551	978	518	1283	1013	182	14	656	637	157	476	467	360	575	1179	1014	38	355	107	300
665	879	293	805	1374	1020	721	1333	313	429	526	677	370	281	120	1003	607	365	654	1209	480	543	136	898	1100	993	1132	647	408	847	205	431	500	1044	695	113	1271	778	812	1398	1103	745	925	186	594	44	677	619	1219	800	392	567	362	683	1041	48	691	425	290	738	732	645	1190	477	1318	49	1273	1178	95	1082	1057	134	1390	29	712	1052	950	432	73	737
1125	923	879	616	640	522	450	112	1092	980	564	728	335	232	1348	973	637	1118	129	1387	1148	157	1432	1193	784	1248	741	1307	365	598	243	890	1383	589	958	1361	149	627	1132	68	183	569	1401	198	665	1277	283	415	1323	61	458	114	440	1229	825	791	1097	66	210	689	1433	1431	32	654	1052	1183	560	1176	944	1388	690	474	436	741	460	852	15	975	22	869
372	1182	999	364	452	20	526	1356	747	1270	937	344	1029	252	680	636	813	926	735	805	798	53	938	601	1214	245	931	842	1260	775	650	910	941	1360	902	694	1071	1119	235	888	1203	797	922	599	286	242	304	1173	625	1429	126	910	101	747	323	491	254	1347	1276	1398	1050	760	920	1085	1243	222	1268	595	861	255	1111	1353	989	901	1296	1427	718	1416	789	1007
1374	969	746	1278	1361	402	268	223	1214	365	27	16	814	286	332	410	1336	219	859	779	746	1429	114	167	939	480	811	788	877	165	147	985	488	462	1215	1199	191	957	471	885	232	137	968	282	485	1292	75	620	1285	287	1164	1304	860	386	767	783	608	192	848	882	1267	788	44	210	637	339	488	270	274	1343	737	1167	1102	1093	1247	869	601	1087	787	461
721	1113	739	317	239	767	549	1149	745	1400	531	1427	758	33	165	239	870	185	316	641	354	932	607	1012	874	1188	175	784	1428	983	830	805	69	251	790	144	750	808	604	1248	86	1298	793	705	385	406	774	195	1139	447	1067	1355	715	1273	798	831	557	1096	1114	403	1095	601	152	987	1204	865	363	926	86	1099	962	796	648	465	1192	563	421	1039	184	819
150	431	1415	42	437	213	1146	532	261	198	342	790	56	422	354	207	619	1196	370	598	1196	1227	358	800	1115	311	502	798	459	1033	219	607	122	677	510	263	989	900	135	1331	315	945	1337	1057	16	1059	1349	1384	1422	1104	907	1337	357	939	788	334	662	193	1253	664	519	80	1268	167	859	242	1126	1223	1129	1384	466	1266	617	235	1308	1216	1309	160	995	130
754	286	944	1150	157	84	886	340	839	369	1006	1217	802	615	277	241	833	1393	584	828	686	970	382	306	698	597	54	544	249	387	1323	182	1179	386	1395	11	1334	1245	1352	127	865	104	1149	1277	724	296	1322	1141	372	561	448	1412	818	880	318	247	323	145	1249	984	1129	1195	854	44	1340	744	1091	1208	435	434	498	737	16	1326	651	1336	185	457	1322	222
270	291	1320	755	288	591	7	304	88	1394	1242	976	936	691	905	904	510	256	627	545	1213	667	404	1141	1236	619	148	255	1197	333	947	802	1090	746	516	436	1359	62	829	669	697	1213	1061	343	816	159	856	383	915	360	44	911	1058	1180	1241	660	1006	1202	1109	1007	1291	1234	91	263	70	2	885	888	1307	116	467	252	488	1372	417	1417	1127	1240	262	240
342	851	1052	1364	1313	683	1172	438	181	1036	439	222	1046	1128	1134	535	1207	138	746	1344	191	221	1235	629	372	310	1002	906	257	1116	484	903	1376	1419	1248	269	4	1196	671	943	137	873	440	247	1025	1148	1293	942	611	471	635	1252	834	1206	570	468	730	1317	1138	133	388	1023	469	1004	884	207	225	640	1228	1011	1113	908	1125	1134	753	341	725	813	422	976
572	1375	773	556	1375	967	146	1404	265	1371	48	961	1158	464	1437	1337	1116	1105	500	1423	84	398	629	992	631	791	232	1312	1076	575	301	1432	306	329	415	162	358	909	810	342	185	276	508	1202	500	851	1270	641	680	831	1423	738	1051	460	1149	429	38	795	758	19	1370	466	893	871	93	370	965	191	814	380	829	1211	355	1027	1218	667	1047	560	856	1437
393	534	1019	1007	1038	626	266	709	1401	272	872	900	427	744	237	328	1315	1070	401	202	363	838	1427	1290	328	449	594	66	924	117	407	473	304	987	585	1354	107	1114	1189	1400	778	1076	27	797	387	390	762	982	344	553	953	859	1015	1369	851	1392	1313	1186	1375	619	1046	734	236	114	758	1031	1212	585	886	822	948	313	1287	1117	1122	228	483	970	719	977
774	1122	624	205	398	1435	525	59	1204	1286	1249	87	751	140	158	1414	1384	672	1038	948	164	304	1254	710	91	531	510	1374	855	1230	664	351	336	962	371	417	1092	1228	799	371	353	423	1145	1383	272	921	1281	692	1377	477	861	507	1397	784	551	679	1109	1219	755	568	1304	278	350	40	1121	919	357	991	1100	881	1435	661	429	1321	834	627	670	530	47	163
54	1103	1318	1333	583	108	808	1111	520	614	1251	1393	1146	58	1339	898	1113	674	992	1024	695	702	139	263	906	426	296	644	1033	1104	655	201	211	1191	1135	623	1186	884	699	72	302	1160	119	542	661	1370	825	654	292	1078	832	1167	947	1158	493	1115	674	372	955	145	1125	802	356	840	1156	501	668	538	427	1362	107	299	1320	572	929	327	854	1377	1067	136
948	1167	194	232	965	282	114	362	33	371	902	294	181	1217	234	533	997	176	820	395	1310	284	1176	1031	429	498	1109	1238	930	798	662	1151	1126	879	1415	838	1394	299	431	971	227	1134	1155	800	349	618	77	1176	925	1032	398	701	1138	956	507	945	1127	681	1407	670	250	1051	655	845	281	426	1059	18	237	914	18	305	590	306	1435	1206	1216	81	646	7
265	339	766	1164	1281	806	981	826	831	1317	110	254	348	219	1396	301	51	526	427	921	202	388	1103	1431	1179	1130	235	363	551	185	139	599	152	280	244	467	694	143	1026	1334	104	374	1154	729	767	611	335	466	444	271	1275	618	684	1089	529	528	880	459	240	194	54	778	526	442	137	1326	988	527	1118	870	230	268	284	1095	1086	530	686	218	724	641
1133	752	324	1400	51	196	1319	176	909	815	452	829	820	162	209	444	322	715	346	809	786	1192	606	68	812	1121	573	1400	1158	414	1046	661	163	899	335	799	15	799	424	324	745	501	603	1019	355	577	1142	1288	962	1373	554	708	813	71	878	1097	154	563	884	663	912	1261	590	345	1113	573	688	1099	1196	286	725	1293	854	1091	1436	482	205	1421	722	41
998	1095	311	102	556	449	965	113	1035	1434	587	599	83	498	468	703	545	422	395	793	43	1372	963	853	974	458	597	701	760	1379	587	176	320	90	1211	339	196	334	631	670	357	394	1041	73	699	309	717	770	883	1285	169	8	453	107	1120	391	70	634	528	981	135	302	256	930	476	979	772	1136	1020	463	626	231	1429	1131	146	776	810	392	1317	535
362	877	231	671	479	1274	50	348	21	1128	461	742	1361	159	701	919	1346	734	181	515	844	497	231	136	1243	765	1179	491	374	18	1392	446	627	290	433	925	438	744	606	931	34	34	806	550	828	1382	482	1247	205	677	1091	361	1185	1108	454	1304	690	850	1212	799	679	638	813	181	1103	597	781	1391	393	711	684	903	21	156	693	622	748	989	929	778
1117	1141	1005	1428	765	600	633	85	826	1151	1365	924	1114	1307	35	1134	490	10	912	21	275	1361	798	319	626	745	485	590	1286	1228	329	636	315	1232	897	1010	141	1410	1355	614	1082	528	981	190	113	1323	649	687	1254	759	672	490	877	41	127	742	204	200	480	513	1380	52	68	1151	795	1217	367	1310	898	67	516	349	1318	223	1135	709	61	932	242	866
680	1292	1060	371	739	652	1418	945	64	630	209	472	222	871	1418	562	1402	257	540	1370	1192	1038	704	779	1157	43	1278	495	10	1207	1017	1114	245	624	1312	819	1345	283	644	617	1057	984	132	134	1173	1297	1225	1101	898	716	386	651	1118	377	583	698	655	714	887	1031	580	586	1104	1361	898	1034	1052	1149	708	752	1377	215	53	992	108	944	454	318	895	1073
1261	181	171	929	697	1276	1178	897	519	623	1420	926	569	1230	739	194	1412	238	1353	602	433	257	346	394	543	1319	1394	97	1099	1006	943	799	25	531	909	554	1270	549	769	1318	795	217	191	141	784	996	812	884	1100	837	341	482	916	37	429	1319	1087	840	1345	351	1385	1356	188	226	12	193	380	359	166	56	979	1224	1167	663	582	777	1137	1223	275	521
899	54	478	1000	161	164	71	971	198	1091	942	721	930	689	1292	916	368	225	1315	576	895	15	1167	1161	984	878	9	301	1212	1420	631	89	293	1108	581	1171	741	232	1077	1285	1368	444	208	921	298	216	186	1290	985	704	303	436	1004	97	763	980	1075	148	931	263	1213	847	136	937	923	1176	386	580	432	647	243	888	507	1167	863	49	230	748	811	627
482	650	1252	788	869	362	332	1146	794	892	1085	676	1020	518	1226	1015	439	487	1221	109	1249	633	1170	359	1063	499	1286	381	1134	1041	50	1398	1374	1109	165	68	1388	362	516	22	521	185	845	788	1428	665	828	282	154	635	1280	1124	688	561	1332	302	20	188	949	1048	270	111	898	268	1133	839	191	982	920	451	1381	28	660	968	415	409	557	1410	481	466
1291	226	511	1383	228	716	852	936	4	1430	1318	609	187	856	696	1219	408	102	683	217	429	445	490	1244	320	1318	1003	1345	91	639	725	735	833	1245	687	506	610	441	986	1345	237	212	354	18	1058	1242	686	818	391	146	401	1354	10	1428	408	38	182	43	988	813	356	996	1013	582	1234	1253	1296	543	643	687	1284	1165	1158	908	504	562	7	422	1161	30
62	37	97	474	516	873	1304	736	536	592	121	532	426	971	397	1302	606	442	1244	961	1036	786	302	153	439	980	852	1147	476	297	288	261	586	1177	1332	433	1014	403	661	1201	27	1333	1193	164	1316	174	853	1138	1089	1388	925	456	782	1092	1119	207	630	910	1233	359	944	325	491	1000	1051	550	27	384	222	1092	543	261	524	1228	836	1331	1346	263	2	411
32	287	454	667	426	416	457	504	1076	1138	1050	12	461	413	431	47	125	514	593	302	607	727	64	1168	177	1369	882	1346	117	48	995	1125	371	496	772	231	1376	1319	1392	714	1221	532	570	1175	457	316	536	805	1363	865	536	300	318	163	476	10	753	614	950	621	150	560	1396	689	1311	147	847	36	1069	388	1378	604	516	679	225	315	618	1244	1070	492
997	190	514	138	24	748	1024	1164	877	18	751	462	73	1095	93	644	896	846	262	1218	528	1331	470	1101	573	1049	38	633	343	1137	1348	521	825	828	755	1156	332	1397	77	77	941	118	51	376	986	1305	1431	869	131	696	528	399	1346	24	348	1063	912	1038	1256	1166	600	304	365	1078	1135	1131	491	1380	452	7	1228	279	37	1288	802	438	1345	726	289	76
1153	976	553	1160	1036	1028	1020	1422	1025	1325	935	569	38	566	900	381	548	1082	776	320	1119	579	943	739	1015	397	1280	487	166	270	1110	341	1225	1145	254	1262	970	910	191	1164	714	1320	1050	1163	480	1394	191	289	1167	1129	801	255	1190	1143	585	598	603	575	328	555	1	1024	483	936	966	319	1190	647	928	935	963	204	1131	1110	1173	15	980	761	1010	538
957	409	566	1076	181	125	940	373	863	222	1436	568	1276	419	311	1117	53	1098	319	420	602	1276	1425	485	55	547	1019	671	1113	637	445	197	887	212	865	1225	492	748	86	177	991	30	933	867	559	680	1057	1193	529	803	1200	1100	1077	178	269	1201	614	652	782	859	663	142	905	1266	669	810	1173	55	1304	619	349	788	941	115	484	909	449	734	1029	1228
1250	744	472	1250	991	96	792	1341	853	165	1394	615	447	881	1323	1018	626	81	1040	102	1104	929	1261	1390	1181	1156	1098	715	1208	1291	1145	12	914	780	116	662	612	774	867	710	1148	144	1039	97	420	870	535	153	153	543	1398	87	773	968	566	380	1027	209	249	509	1155	87	219	817	585	1036	98	775	546	1162	1119	838	450	665	1155	270	321	596	768	1267
297	66	896	1135	28	179	1006	319	233	524	1376	743	844	12	445	1301	1193	1400	810	1126	207	600	115	341	329	1392	929	1337	345	358	60	1291	691	937	1081	692	614	912	166	448	266	949	794	1041	1374	644	253	1275	222	139	1110	220	89	786	1047	838	902	249	1091	472	987	424	1101	1273	787	277	325	1280	1080	302	358	832	1105	854	806	760	1044	796	530	161
448	855	1414	1030	776	788	115	599	322	1021	701	54	161	973	1306	110	719	957	756	976	564	934	344	606	418	721	281	592	868	492	1211	273	583	1149	828	290	812	419	775	985	4	1392	1434	327	329	1257	882	1329	748	972	751	899	1085	684	1053	943	698	972	82	380	1431	496	296	944	163	218	12	1277	575	253	1090	1216	1151	1275	925	29	1032	28	641	211
664	1058	521	195	396	1297	937	1158	981	771	1258	1111	559	99	404	1407	372	198	585	317	1012	521	170	1298	817	1016	263	153	1344	727	1406	93	1032	466	966	537	152	579	507	631	1120	392	421	849	1009	594	1017	790	452	1119	18	212	1362	299	1405	1206	256	184	220	234	360	18	907	999	303	32	808	619	198	278	422	782	1056	1153	68	1384	261	929	1163	547
1276	513	904	713	491	1305	1193	406	988	452	1397	722	396	277	1073	293	517	1043	238	1093	1248	878	1121	372	231	1238	310	262	749	1130	3	706	253	429	748	1185	1357	66	1339	1138	335	780	954	143	544	54	1159	194	1369	1194	59	137	458	904	237	1105	682	490	260	1260	63	503	1213	228	883	256	1099	616	1227	1012	266	501	125	1235	1162	59	998	840	686	1396
651	414	922	1155	1034	734	242	428	1183	356	989	1247	238	977	601	24	204	678	667	683	169	678	955	1258	1333	138	398	288	1280	427	1003	1194	1401	557	146	1306	976	1167	651	994	1412	864	662	1195	146	1002	838	647	72	789	1165	3	397	1381	541	1128	347	1417	896	551	936	1396	1147	238	99	243	1356	354	580	299	1132	1406	170	395	671	945	1200	494	32	157
181	122	570	50	205	899	1011	715	462	1278	1393	407	1191	102	663	514	296	400	169	1281	51	652	1214	170	103	586	1255	848	940	705	134	1273	131	877	493	61	331	1110	94	821	1114	1172	641	851	1350	42	325	313	533	358	700	252	880	1186	1013	1098	570	350	400	165	74	1426	795	502	1043	472	666	373	173	1209	1038	428	117	1045	1001	1080	931	1009	234	320
1383	101	981	37	440	610	1437	769	803	245	1410	1369	585	192	1211	1218	530	1419	1363	543	147	1316	1385	661	440	434	978	607	1146	762	80	1238	885	172	246	497	1084	488	1359	852	216	1210	837	561	1383	356	740	1429	195	444	342	537	1224	780	270	848	841	1034	1213	921	1313	874	1091	465	248	1362	908	509	533	1146	640	1328	152	858	1317	81	123	821	92	18
748	671	572	1258	1069	678	1436	1319	431	1307	1287	564	945	344	609	225	1119	399	752	388	1411	1318	601	1211	1326	75	722	499	1202	477	65	548	485	1143	694	809	1319	965	894	693	289	667	566	435	1343	2	139	351	731	384	73	109	1132	1431	900	147	1034	999	316	1129	1369	42	245	866	864	1076	415	1	911	701	456	616	1146	884	1062	778	124	1388	514	109
458	135	1036	316	1389	467	607	209	643	490	477	1304	280	459	159	254	726	801	150	1425	397	791	274	556	1313	398	629	1000	1136	1235	985	397	24	346	214	201	676	1193	1044	482	1358	1184	1065	655	1358	539	487	97	1071	616	917	484	93	1365	77	145	105	1314	989	178	1338	1127	1407	31	109	637	385	820	1078	905	1099	1173	1009	1391	1343	964	989	907	317	346
436	747	784	516	796	1385	991	93	186	3	1353	1105	28	177	1178	1060	23	1158	523	834	415	435	376	1157	1103	1040	159	559	334	1164	199	744	961	1306	1111	1254	275	576	1021	488	990	418	17	402	774	1108	185	854	1090	770	1309	1288	257	486	1281	434	1015	637	113	1284	731	1047	1436	483	1231	739	659	103	1079	464	1234	260	607	627	1285	204	253	310	236	608
381	1116	85	343	966	474	1055	777	1167	464	111	303	975	113	1091	843	1021	662	219	583	1405	1023	65	870	107	1363	1102	227	542	728	1321	743	777	959	1338	408	485	839	1273	329	743	1025	730	873	759	29	1247	934	1367	1192	411	1306	495	710	510	1095	196	791	620	913	1436	890	707	603	609	1138	471	1313	460	966	1241	225	1326	1135	564	548	1051	1089	1384	642
1359	634	878	403	1292	200	1185	3	1422	682	188	427	1264	418	1274	1202	1434	553	363	66	583	1128	688	1270	314	23	1070	404	1249	959	185	947	1226	450	1227	139	1222	398	823	7	674	832	1351	751	49	591	607	210	645	1008	974	503	845	1403	1193	268	1009	923	127	277	190	265	442	945	466	802	108	115	1280	446	67	1334	616	999	702	531	984	855	553	1263
204	1323	22	539	1044	1389	1033	1185	1393	402	774	969	545	363	185	157	163	949	44	1396	791	505	1048	1074	139	126	829	846	348	273	1100	1307	1069	553	602	808	206	323	1410	323	434	386	258	1040	674	638	624	882	499	207	192	397	1176	250	1055	1312	454	925	1159	1173	482	731	766	625	731	846	806	920	662	937	994	1127	88	435	280	1018	929	175	219	347
408	1256	1126	377	912	1384	541	1369	135	867	987	1312	225	1397	840	1041	543	372	653	1178	1233	239	266	451	3	1175	935	118	874	807	466	140	1132	602	488	369	354	514	193	604	1373	1396	938	1029	220	797	884	676	1180	1380	1380	923	827	893	1208	1060	201	1286	68	629	899	907	539	1002	344	466	408	944	923	1	1437	486	634	326	980	427	881	1166	26	527
881	757	734	1196	1303	1326	2	869	169	255	521	1110	1265	1273	45	761	751	792	484	1335	68	145	714	1264	1384	960	251	1366	379	560	437	117	118	991	907	146	136	344	324	751	922	93	1228	328	1395	626	10	496	1287	1393	679	1070	644	1215	151	950	1409	400	208	479	381	531	352	56	1352	1065	233	1303	1024	715	788	936	398	682	605	715	409	1280	1421	815
1395	787	94	1424	492	1004	240	1425	837	650	595	272	1186	947	1192	673	659	415	765	1097	71	1045	176	611	16	447	1314	574	147	1288	244	1241	1038	685	551	282	1229	1100	1143	91	1222	597	482	926	402	580	108	877	441	501	942	164	937	646	131	325	1155	166	1021	537	255	790	661	1181	226	157	865	681	961	913	715	536	933	1346	318	912	1421	915	283	660
851	491	1429	544	1383	952	951	1093	1162	430	102	84	888	1206	710	54	1359	1222	645	730	10	397	418	1086	1286	1189	404	218	305	718	914	529	80	86	651	304	1327	389	934	272	1040	1342	1427	1376	377	1274	378	1100	383	185	1222	1297	1078	801	215	570	1112	244	118	591	492	459	716	308	1024	1199	562	111	1240	62	577	178	44	1001	1210	12	1170	394	1424	339
1352	362	952	34	616	1066	234	1069	294	1436	1316	1319	1294	875	568	788	340	564	393	686	859	185	316	837	223	1138	1069	1087	1266	388	1030	806	1354	678	1375	1245	1213	1435	178	86	150	1286	697	832	416	373	183	1274	271	671	630	513	1087	213	1388	947	927	1212	372	549	1287	254	1128	1175	1208	1273	480	67	1268	44	673	292	529	983	80	612	1284	1265	730	273
646	734	51	423	1407	978	1173	527	847	875	25	1293	49	390	1027	1288	1214	529	646	195	630	80	1070	1295	774	551	1420	684	775	85	1393	337	685	305	285	238	447	205	737	361	305	830	130	480	465	173	377	1149	736	1421	693	610	414	329	19	1122	122	88	732	691	689	764	464	753	1239	693	1193	1151	947	289	1019	249	1301	1118	373	1219	1077	483	994	170
1406	833	903	868	44	611	442	880	120	578	1213	1038	1349	130	566	1333	36	602	19	95	1060	399	434	756	149	203	155	1181	753	954	1401	486	402	776	59	1279	83	634	1307	185	1060	167	928	1294	57	207	809	1259	905	868	262	1312	1329	55	1407	982	1032	556	1258	657	91	1274	945	1009	314	565	1297	51	52	1273	605	948	1298	423	721	10	208	481	981	701
552	764	929	962	545	1275	337	78	845	672	1337	146	544	936	390	19	419	717	1253	349	737	303	389	92	731	117	276	940	915	440	816	219	1345	1050	135	936	589	332	1062	1047	610	956	92	677	990	1026	773	1086	921	518	759	792	106	309	1089	208	1245	584	1338	989	624	725	555	464	1226	906	174	907	418	83	101	462	667	1417	1323	124	135	760	1351	338
109	931	1167	1175	971	1334	1149	539	391	987	593	739	1339	125	1337	671	275	471	434	1398	1430	594	1306	463	144	132	1064	1391	242	198	121	1293	802	121	664	461	722	684	1406	339	1049	566	1276	108	24	697	1311	1134	238	289	1404	421	404	705	291	438	252	124	247	1024	1119	478	1110	805	790	1374	768	708	520	57	279	49	585	120	209	174	1357	763	842	1129
994	499	1399	896	1275	921	262	830	418	54	455	703	329	396	789	1415	855	702	1269	1275	669	1239	293	186	1320	504	710	711	183	45	1120	1092	974	1243	293	508	923	95	269	711	1	1431	670	234	122	120	927	1267	331	1262	1338	152	1187	982	1000	542	1391	600	55	157	1118	335	1178	397	895	894	782	82	263	375	1207	450	313	467	440	978	764	916	324	729
1061	1229	1031	157	672	1361	1421	822	1389	959	2	489	582	5	821	649	769	1280	468	541	1145	1241	356	17	638	1068	831	273	324	811	1329	1104	132	265	1307	1104	737	505	1187	786	1388	965	468	909	948	211	110	1104	882	6	260	1314	594	805	780	1072	318	1193	58	27	152	1198	982	909	950	1208	1246	1233	829	809	522	384	388	895	10	145	62	647	1315	325
1163	586	783	732	153	240	928	1280	518	855	1041	207	249	328	522	1270	468	58	1106	762	486	833	1191	609	1163	514	67	148	444	486	1138	226	524	1146	1168	1296	1411	1146	565	646	632	1261	466	491	682	1385	393	1248	1046	826	141	1020	1348	344	1304	258	1072	829	642	348	1174	115	227	1064	1104	438	1346	1057	559	488	1367	1118	579	888	1042	811	883	1049	473	659
123	437	807	1151	94	886	1124	423	45	1211	9	106	816	850	1267	156	483	1077	580	1291	155	1031	191	82	56	535	73	139	180	1054	1092	1028	159	277	1026	724	211	85	954	1185	733	1269	833	104	953	1027	1379	148	1266	1038	1328	754	307	1145	997	807	767	446	513	1412	928	1258	1382	5	205	1042	623	1295	517	582	1200	397	1049	569	729	510	1035	847	1241	1079
171	1233	1159	952	81	635	318	954	883	215	1317	917	322	148	704	73	323	38	106	554	276	1398	1017	895	1351	857	684	165	393	924	1414	824	90	773	1281	1228	1200	660	909	112	187	430	447	283	460	327	1436	748	550	417	1011	453	65	1252	757	777	761	803	852	1015	39	355	1291	445	188	304	736	242	1119	1160	297	814	213	649	412	880	1147	1273	521	234
1119	1223	353	1220	653	856	649	121	1434	886	423	220	967	171	1148	844	781	465	63	122	128	1101	1362	227	1432	375	1148	395	524	1209	7	353	587	230	301	742	90	1394	1009	1186	952	370	1132	334	753	1190	1278	958	1035	293	1285	496	39	781	943	1081	194	1425	163	338	779	968	1208	1422	413	1175	460	1314	1032	38	1364	1308	477	18	1243	464	141	1057	1074	740
1336	1406	824	830	74	202	1279	141	1087	953	436	895	1393	1188	882	694	248	1219	856	1194	776	241	265	423	207	680	659	935	380	1110	815	546	1438	855	709	470	776	649	432	707	189	758	1422	859	419	147	363	601	648	1046	968	1039	597	320	1138	814	562	391	1153	1304	1221	742	941	235	407	1418	1429	364	1146	1111	1326	617	910	830	1208	461	269	1027	818	1347
802	742	344	263	1340	697	567	735	1009	96	236	1036	403	644	1229	442	465	732	463	283	1382	1138	720	1049	611	256	1008	455	245	446	1240	582	630	799	386	220	357	706	1129	1156	977	473	686	590	1114	1171	551	407	857	334	159	1226	150	398	530	295	249	1234	1388	417	1038	708	80	39	671	519	427	1278	875	1360	118	766	963	577	1146	1400	103	316	484	442
146	265	654	1342	1045	560	258	156	1355	83	125	923	728	545	1177	153	79	642	971	216	827	470	1354	71	1376	654	587	1134	683	171	1045	1331	369	117	1305	96	451	602	90	1261	345	1057	408	210	346	1166	1429	672	1345	718	718	141	1120	1306	85	961	296	1182	1203	1205	1323	485	1333	1024	1098	1422	203	400	820	258	1336	618	24	392	62	532	826	1420	627	843
158	624	741	1091	760	1152	507	824	1274	684	324	648	358	1340	425	707	1264	1085	717	1013	359	617	1106	141	1034	233	818	450	647	409	31	813	1106	1376	663	1195	1056	375	372	704	1173	521	1364	1408	849	25	1062	439	291	773	1419	95	632	1116	309	303	1395	1136	1306	951	1211	789	266	248	191	786	1368	946	1	53	1325	1259	778	298	496	43	671	378	1175	93
862	472	1409	604	803	419	92	985	481	973	886	725	346	258	546	877	290	382	338	627	690	654	107	1261	1196	209	492	546	1127	390	336	168	805	1397	1366	582	1073	482	896	364	252	889	678	494	1082	545	1361	250	1086	948	646	868	681	375	663	200	935	194	243	572	1075	552	1106	1030	889	714	1229	324	1392	1156	791	369	1145	1261	961	132	1189	63	762	1069
692	103	1037	1195	285	315	1078	773	1399	417	1147	335	324	1353	495	501	1263	1229	989	1432	65	1384	483	1325	308	381	784	307	1339	204	1215	598	621	1275	319	1190	291	1309	175	1	742	323	1397	620	414	1285	143	814	478	1309	811	1215	1248	611	69	941	1031	749	334	404	298	2	556	1396	1250	1410	557	388	955	1347	1413	921	220	40	911	450	1240	2	467	1350
1139	131	351	948	210	422	1017	1228	473	770	817	464	937	1085	1006	212	748	333	1325	672	1022	831	141	436	944	261	343	241	735	970	223	1250	890	1029	1417	787	355	810	766	411	862	324	774	838	981	1132	802	390	474	237	1109	839	1401	288	355	1183	1095	1401	424	655	17	878	332	1270	286	148	232	979	296	98	454	706	825	33	782	674	785	563	364	1341
968	861	847	17	1086	570	632	311	957	837	1077	678	963	807	675	1247	522	1005	1227	663	387	123	450	638	490	580	531	1082	721	384	1098	649	686	1009	555	706	951	701	378	569	540	823	605	1086	1149	295	1242	1068	216	1402	1410	544	470	608	1335	1054	486	511	1329	343	431	78	1085	1106	235	1198	986	861	872	1176	1420	640	1349	448	478	1106	1013	1328	707	1249
114	1297	1095	1181	150	327	1053	269	689	1157	1093	750	1251	997	1164	372	37	1210	42	864	995	1161	539	1034	242	683	1319	796	1431	1417	1156	1428	1071	823	577	889	783	1002	276	108	792	199	448	997	1185	632	341	888	1153	641	1387	1388	654	1065	924	1091	1029	857	1419	1432	282	518	819	243	279	442	927	253	1410	1298	985	1177	176	327	342	280	742	100	978	910
115	322	1276	160	1415	659	209	828	1323	988	1053	1113	190	1320	1261	379	450	747	1235	785	935	336	182	804	702	174	1334	588	513	507	509	847	1195	512	708	1029	1265	979	962	288	117	1287	249	311	318	7	215	360	225	231	132	1138	1294	84	456	1116	884	1129	574	996	1005	705	480	1112	1417	1343	1427	1272	805	1326	1219	201	1271	163	1364	303	852	440	168	653
278	447	841	1294	1136	548	372	1329	1379	605	1171	1362	1031	405	177	1114	219	596	983	905	535	557	981	830	1043	1021	1082	302	780	1211	691	1412	878	1030	236	614	769	1097	485	656	133	1372	658	693	1327	16	112	409	52	290	359	270	501	340	521	151	176	692	743	453	571	283	470	1341	111	1395	1221	1147	80	624	204	155	600	736	265	1116	139	1318	649	392
1092	887	1425	1339	1280	528	398	1087	1110	665	648	562	168	651	611	1017	1075	336	1171	503	307	754	417	771	1405	410	1325	117	1019	985	621	429	444	1081	1421	783	513	437	638	421	38	320	735	709	1001	927	667	898	1211	1162	243	878	1221	949	175	533	373	735	1115	174	1414	27	1410	1121	197	1106	989	26	461	1073	45	1339	557	1014	192	1160	475	984	714	834
481	433	250	1224	767	706	1245	952	117	206	895	1122	213	621	645	399	1157	1284	1062	819	687	1273	621	1318	1335	776	1100	518	1248	306	809	361	1299	657	1373	141	466	820	996	267	404	1324	114	93	80	257	970	1022	503	168	1292	575	887	677	1004	1419	342	894	958	1332	862	1152	710	879	814	680	911	20	299	194	580	374	1168	775	1142	164	507	914	727	891
1094	350	1204	16	442	450	282	1272	382	574	1108	271	1167	1237	1055	1065	579	925	1146	1123	1084	1001	698	892	9	660	1242	1332	1009	331	90	756	818	34	1393	125	628	317	1394	495	872	511	564	1006	668	795	904	662	1418	1423	41	620	1202	1417	790	784	126	1377	346	423	563	870	726	21	817	508	797	1066	414	250	694	469	57	440	1193	318	677	1330	1193	781
504	1053	1335	537	371	1009	447	323	1268	1231	1346	727	876	82	999	1155	91	710	490	287	366	401	561	803	938	1388	171	1202	121	758	854	1323	208	717	300	1341	1034	1279	506	140	824	251	729	184	153	1225	331	438	102	205	1400	97	1062	199	1238	56	53	4	1314	1406	1432	1232	1326	947	774	1353	777	1221	378	417	542	1045	959	926	892	1013	884	32	746	655
206	1076	1007	564	834	1039	239	1108	585	943	1131	442	1371	332	1369	856	576	842	476	1409	1161	889	28	1241	1064	695	417	1097	165	1241	604	422	321	1076	617	372	1030	711	797	168	1390	581	1254	1370	1018	1268	258	64	119	1083	509	134	606	970	413	52	1333	573	498	576	902	1163	1100	1298	142	496	40	357	1247	372	608	263	1106	817	220	962	1431	1152	1152	1304
707	927	687	1156	443	1277	1324	136	1018	1233	601	113	237	462	948	1224	1389	8	9	1384	1156	314	1083	292	987	244	1164	1317	987	1338	287	7	863	1341	461	1318	92	1026	213	1302	462	192	838	248	1247	555	170	74	896	482	945	278	1073	767	468	144	602	931	645	594	1307	534	789	1045	1176	251	466	897	1179	280	622	787	288	346	552	18	380	1105	1002	543
810	1420	951	416	608	239	656	495	662	908	72	435	565	974	151	574	133	705	1319	1120	605	1407	896	634	929	49	527	1408	1118	1099	1237	1337	1415	906	1426	720	893	316	718	436	321	245	891	567	1227	1412	519	1373	997	67	70	415	1125	222	1364	331	520	1082	1401	1381	746	240	39	521	193	113	394	226	673	1056	572	205	1099	373	1269	231	298	893	886	1201
318	789	825	428	86	306	211	260	571	66	351	604	603	857	519	152	228	1154	510	723	154	937	219	1359	1367	813	209	1065	1385	1044	1398	1060	243	1178	1040	400	717	580	242	53	1005	92	893	374	194	1214	1054	123	1428	233	406	226	901	129	1219	92	141	491	1093	462	1138	1029	1080	819	877	1105	304	392	201	781	860	629	433	551	875	1003	1434	77	392	474
1174	395	1433	1242	468	691	342	252	323	1237	509	1311	21	929	1047	364	1004	332	286	141	679	703	617	938	423	289	1430	403	719	1097	962	438	172	1124	211	563	939	623	84	123	1001	106	483	1287	1152	93	883	880	590	220	428	435	918	304	463	1303	1362	1370	1421	597	1028	646	1242	994	687	1161	1077	670	1033	1149	137	645	1041	257	436	1161	479	413	1218	1427
870	775	57	222	1024	789	458	337	226	557	5	402	770	539	569	75	188	589	1005	374	182	285	927	1007	253	1208	1030	1227	194	1430	1106	956	1081	1186	724	59	25	169	1277	1220	577	936	1035	486	514	706	795	1366	152	120	784	604	128	240	240	1282	368	866	944	216	1035	735	798	554	24	984	413	1067	127	423	1118	1222	1121	692	1411	476	1337	1003	838	956
452	1273	571	252	1287	167	848	1289	77	1290	822	824	1293	548	956	448	487	1237	1403	1189	756	629	1256	213	557	1166	630	214	418	141	989	916	1220	1073	43	790	572	76	115	434	111	1254	1341	1099	967	135	718	739	384	98	276	660	432	1166	922	149	1382	103	649	1391	1043	756	105	1057	144	478	669	650	212	936	781	18	680	545	1118	908	330	1055	515	177
1007	1143	611	933	1239	191	1242	165	1240	960	582	979	295	461	555	874	938	796	29	1374	1325	994	368	241	614	853	400	1329	728	176	1081	590	838	103	1101	664	698	1355	423	951	866	1146	1407	228	1384	260	1372	280	1097	1251	1361	609	1100	1078	909	90	627	269	898	467	96	1348	977	970	988	792	870	453	797	460	1158	530	1159	761	1012	1431	602	768	1361	401
763	64	848	1248	719	54	579	95	503	900	1263	3	1229	802	596	1071	1356	236	1342	288	340	209	1146	1052	647	418	56	617	691	862	178	797	67	511	1189	243	147	273	275	1060	109	1092	635	1284	1201	1253	833	567	763	1056	127	124	82	925	170	631	1187	365	351	1208	704	1434	386	250	117	186	346	636	72	306	1260	115	164	108	445	122	1419	1135	1180	911
1285	1224	730	443	1268	1286	1297	1002	1263	335	992	671	518	762	414	1404	28	818	56	813	850	876	758	314	460	1414	828	305	764	66	1409	1386	462	92	275	1200	560	197	183	227	1071	506	1199	1327	1135	1078	371	643	194	90	431	93	891	1037	755	296	736	223	1031	323	123	1153	764	36	1179	265	756	48	6	322	1277	993	556	153	1176	1385	464	1148	304	690
520	208	1302	381	781	550	899	1363	916	808	654	1344	841	346	1352	568	927	218	1059	221	631	1147	1145	1377	458	73	976	289	1407	1215	363	605	1289	454	467	1434	346	34	727	642	482	1129	545	1305	170	604	67	1320	136	1306	1305	1060	46	345	234	332	80	1145	850	206	1233	877	741	117	983	791	317	834	1396	1331	1160	728	884	900	229	416	157	193	1400	1066
868	913	136	473	856	318	156	683	1169	386	712	864	760	1214	1038	1411	1115	305	251	1191	666	92	1181	1164	712	13	1004	1164	435	858	1094	673	11	63	786	19	1184	264	886	432	277	321	151	348	121	619	357	1227	1088	419	56	989	828	72	217	1064	653	759	1394	136	589	314	1125	1240	1020	71	403	1222	757	1433	1101	213	560	634	1046	1238	1195	1127	745	1356
1214	798	585	170	524	968	135	571	153	400	341	550	832	262	1195	1330	418	201	98	81	92	1055	591	1132	1160	226	1295	258	1314	626	915	1034	865	1154	111	986	221	1068	582	261	966	897	93	894	1003	1313	1173	451	805	661	1333	1343	1255	535	1230	1365	1433	57	883	675	1041	884	919	76	717	502	445	1055	908	1285	1231	1000	807	248	592	933	996	844	1117	1335
1413	668	1148	357	831	1394	280	169	50	343	1151	461	742	233	758	612	1129	524	485	408	9	544	209	261	1162	761	673	930	16	31	23	699	453	998	785	573	1057	199	1226	880	200	1275	1086	440	1246	1038	491	28	1183	58	28	713	991	1348	338	874	458	238	90	1399	1133	1064	849	1153	275	531	547	566	744	1396	133	1260	799	852	269	1064	303	384	628	1016
534	506	1275	1094	1348	615	811	570	849	304	1126	896	102	1187	577	233	1421	680	212	1216	883	1211	486	774	536	938	1363	1218	31	178	782	436	1251	1231	999	1051	262	699	673	363	1112	654	661	512	535	1032	1131	220	926	1238	1242	1069	156	359	250	1188	313	788	395	1179	489	1079	506	208	36	1224	22	1433	1389	1064	610	110	333	139	1082	977	156	835	418	1296
1416	985	1090	367	1221	772	252	219	600	289	1161	626	117	866	13	1315	932	637	336	920	305	485	968	665	830	85	1400	157	1303	12	536	773	1181	1291	1407	736	894	817	41	52	916	586	574	158	1298	1000	250	1204	1103	268	106	700	1140	550	1050	469	433	887	808	1124	1011	637	161	713	664	1051	309	502	601	833	1017	749	1051	532	906	849	446	11	800	269
1277	13	141	278	1208	1032	1231	879	376	1418	31	521	976	661	1128	256	722	112	104	308	125	519	55	538	572	175	1413	206	525	1415	1004	549	1016	572	222	1030	850	250	1100	807	376	315	782	1080	79	1217	228	1435	746	1371	621	973	229	157	778	723	689	1321	639	60	1056	752	281	1413	1377	450	1396	542	1331	899	756	596	834	726	1050	459	591	138	1352	1197
803	605	335	1202	1062	747	611	988	1189	320	1069	512	1140	1377	636	450	1023	1041	1065	975	208	380	571	858	188	122	90	113	157	619	511	674	498	542	827	1273	1313	550	591	36	1128	601	84	1134	962	1375	121	1001	121	858	405	317	697	1291	676	1358	162	900	1103	840	648	1067	454	929	803	800	1370	9	174	243	724	94	1160	974	414	1148	1361	258	80	1388
1198	528	758	706	1018	274	604	761	1249	1206	868	102	868	227	270	542	343	353	218	1345	1181	177	1336	204	1264	270	1107	1182	19	443	1041	1256	657	1313	1304	651	1152	1360	1428	876	1290	204	515	984	1017	621	703	53	1161	674	206	486	1154	870	182	125	485	439	1266	491	581	339	984	451	343	117	1054	53	1204	931	82	541	1081	1098	525	512	1223	455	1199	1150
1423	1195	170	1128	270	496	1292	277	93	462	1026	652	503	835	196	288	1379	826	614	816	515	224	1377	1248	730	1387	57	760	1397	123	949	209	1306	1062	223	1297	1392	1284	240	944	196	1047	199	609	800	455	39	393	257	279	612	259	1336	562	509	809	346	239	1297	1229	623	1242	532	672	1392	401	982	891	658	797	229	1287	540	1056	1168	1324	1094	450	178	1243
625	930	587	491	1263	602	1371	506	782	555	197	1275	587	1064	1344	55	709	566	709	734	459	593	765	1172	592	1307	454	556	98	375	1320	288	316	957	252	657	672	155	2	545	1020	1288	1333	297	685	846	49	1416	416	492	1252	1278	1183	123	274	978	846	750	1301	1171	268	1202	57	934	990	202	1094	980	969	1121	1372	851	872	782	178	110	515	1381	1185	42
554	74	704	481	258	1269	144	622	620	1339	278	1138	303	557	1204	1341	1226	557	991	835	441	1301	1265	208	1215	264	1062	1347	360	1403	202	180	96	402	559	1261	561	601	1387	1096	1278	1016	454	1200	354	1237	1172	725	1244	630	772	1340	613	23	420	1191	223	130	780	284	183	446	834	249	497	483	262	1238	288	173	601	774	801	742	686	1130	327	1193	17	78
254	1210	215	900	520	625	189	16	1104	2	487	79	1111	1383	733	403	1087	1036	931	665	582	49	699	214	300	140	653	1265	707	920	689	918	622	1225	1000	985	371	789	929	75	161	499	1402	1204	610	1109	1040	350	769	815	158	690	1358	821	680	1396	1131	428	1255	315	1048	1161	116	472	64	1419	1397	347	92	893	184	1199	99	284	1413	658	1371	256	387	1092
859	781	731	1199	30	131	327	846	281	461	264	476	1242	568	380	563	1215	1322	904	1430	978	1284	754	461	937	483	1056	1358	175	540	526	1143	725	705	466	255	417	208	1097	1159	581	1321	962	1401	569	1224	839	1410	1230	1137	1066	328	604	133	305	85	1428	1172	409	884	531	1305	1387	377	241	1107	699	755	446	1222	126	1425	571	305	1348	890	888	364	912	1340
792	1362	338	1057	1196	608	1079	71	591	405	1051	513	688	111	334	1170	311	83	400	1163	1175	941	966	1098	1375	157	247	303	315	680	768	1207	758	741	1398	675	308	83	447	1255	864	960	415	74	1262	1159	599	336	400	513	599	729	145	15	1210	194	877	797	618	353	611	1231	121	47	1429	622	677	598	739	728	181	355	1077	384	926	917	220	611	39	482
1435	1247	119	72	1102	942	49	778	1407	819	1329	954	980	375	119	466	664	194	364	790	391	415	1386	721	1359	1211	283	554	238	456	1010	713	771	267	392	84	265	524	1251	967	205	1048	160	682	932	526	550	720	1045	313	1392	652	1	1221	144	857	1054	190	1146	1392	669	1376	360	888	1128	81	298	73	1355	1224	1240	573	827	760	25	746	206	574	46	917
77	686	1091	867	1326	815	609	942	1373	1393	1095	658	444	722	624	27	130	90	1296	775	466	969	288	562	98	1296	1093	451	900	246	639	1429	1209	661	347	54	1013	1069	1282	771	1327	1311	585	1042	1399	190	481	757	1407	339	367	323	1217	1100	535	944	793	383	773	209	692	120	749	61	1040	574	595	124	599	946	1094	1160	487	950	367	989	1012	843	1124	1057
1126	546	675	729	933	170	233	227	1210	1008	290	1378	77	404	595	1417	286	864	1256	459	655	1205	430	289	1114	805	1338	245	1013	1142	1357	1326	246	835	645	887	875	1275	466	933	1095	191	665	105	1156	366	1032	508	451	428	760	439	707	712	407	396	623	792	937	1165	1131	677	450	1239	441	1355	1336	677	501	524	1031	185	618	778	304	979	65	747	652	1265
811	935	419	826	924	517	484	347	237	996	823	566	1108	1326	5	1220	257	1066	1002	1225	886	991	870	909	608	485	1039	968	1222	604	206	821	894	215	527	1137	703	914	1356	923	1096	929	571	1023	268	1178	688	1343	66	750	901	84	1230	89	334	1313	599	1022	706	137	976	533	84	290	1405	587	733	892	856	882	147	780	140	1225	305	249	965	1172	907	1308
1239	1253	554	1356	1289	292	803	1081	637	791	787	1202	288	153	654	740	873	718	835	33	212	708	866	379	1253	61	1240	209	484	964	118	1100	888	30	225	711	577	1063	914	1283	972	449	840	239	427	444	593	691	1389	371	325	619	236	739	853	825	918	338	1341	52	1109	200	935	163	22	261	431	1217	1264	296	296	778	788	1237	3	620	692	988	1438	298
906	313	865	1205	99	1411	1192	1070	416	1338	392	233	738	73	423	123	716	159	1421	321	1001	583	691	813	701	382	691	204	216	674	119	1174	1101	1330	517	590	1246	142	29	122	718	941	310	418	238	1205	287	926	1313	408	881	185	1193	1106	1360	298	1106	1263	85	391	686	377	252	12	1015	618	161	902	93	562	245	211	201	323	1390	851	1261	943	332	742
480	170	133	1361	501	722	358	1089	1207	583	1028	1203	349	455	293	1085	99	402	1203	1261	832	135	258	884	776	843	786	1377	527	596	1408	971	216	1039	1157	179	1124	962	1249	229	555	72	983	541	1015	853	312	235	661	796	710	66	1413	1178	1165	985	867	1249	733	295	1042	931	90	1426	849	180	1053	695	158	1317	1294	1210	173	718	245	36	1164	678	926	867
125	1097	182	876	183	415	868	451	1324	220	98	951	399	702	1052	889	47	1429	38	175	1236	1280	1184	595	1411	1421	179	170	773	765	659	786	1253	984	523	917	695	7	101	67	935	926	583	1072	1385	938	62	1317	1115	938	329	1001	1379	273	671	1002	1410	1146	411	43	868	300	1214	376	879	1267	903	177	1300	613	91	44	806	966	1066	630	51	556	1262	762
27	739	964	293	354	409	1041	876	598	1076	1382	140	618	806	365	609	1111	263	1160	2	1395	913	449	802	1293	406	895	1355	185	329	110	1149	902	628	1265	630	954	1133	877	34	413	1270	1313	745	1302	1029	738	94	270	569	290	539	1126	548	681	1260	1231	1265	92	571	1284	232	646	709	1107	868	1044	337	808	471	823	46	1093	1032	458	939	689	444	779	1115
631	235	526	1318	476	1299	827	961	1229	1007	1432	1206	989	961	626	13	453	941	1153	484	218	173	956	55	22	965	968	695	1292	729	976	324	698	622	1084	1216	770	234	880	961	9	978	632	1055	803	1415	661	785	1253	533	1393	1134	266	678	1082	1335	625	1108	392	1175	593	1034	1252	669	1009	106	472	1423	465	14	596	191	1270	1038	1222	1410	636	612	104	1272
1183	17	1259	904	262	384	1127	111	887	647	10	1069	1404	1236	224	518	891	210	1352	311	938	1415	953	86	748	488	800	609	234	861	1430	345	396	935	1147	948	500	866	866	83	672	494	98	6	1236	1336	574	1114	1341	769	1021	432	586	1113	1265	661	197	1	1360	889	1364	1236	691	1202	615	1413	812	642	707	404	868	1412	985	35	1329	376	1087	334	1075	895
110	308	223	1438	1430	1220	1211	813	1014	1164	604	1	1321	805	961	1338	134	207	320	550	635	1233	63	489	1044	1120	1347	910	788	105	402	790	783	1048	20	435	1212	407	437	777	1405	821	94	568	315	660	231	1318	477	523	715	932	1208	703	1401	842	959	700	952	802	226	769	1341	737	854	1024	85	994	1302	147	521	1161	666	948	746	1437	1237	1390	1300	1063
487	38	786	687	390	768	543	1107	974	1073	6	718	588	551	152	1237	415	285	176	31	293	1196	1002	156	166	100	380	173	296	155	309	342	207	765	405	558	42	886	186	326	844	209	1107	274	1291	195	213	755	1027	1007	472	1087	599	583	1348	917	1293	11	1423	61	833	1416	35	393	479	809	998	1305	551	331	1419	924	1414	85	904	710	1046	17	764	899
461	390	397	565	26	1404	1207	756	1350	1072	627	928	328	76	427	951	1154	905	76	445	1146	134	429	464	210	445	1364	147	1000	632	235	245	1398	1332	759	134	1225	834	964	628	455	269	484	30	1168	520	548	1219	1343	331	1281	310	521	155	31	1031	391	646	165	1300	645	1427	1385	711	600	174	580	1377	629	574	1058	673	810	1437	345	1398	1282	1163	426	703
1197	71	604	1010	1306	1190	289	1064	779	1369	60	1135	1119	713	590	1308	1436	1314	707	553	1354	501	1338	472	1260	1231	89	192	105	1107	666	579	225	1273	1172	1301	266	1134	842	634	1150	176	166	977	499	659	702	164	1169	805	292	912	610	217	627	1157	758	504	439	791	646	1140	180	71	663	25	1369	696	933	187	1007	972	1022	251	1156	368	494	702	285	275
1050	953	622	1367	234	809	1385	1168	1346	790	632	607	1009	503	1019	917	213	570	99	355	1007	679	234	65	193	681	1149	172	1422	526	1168	1277	286	1204	1155	533	519	857	114	824	1217	1012	194	1318	935	584	706	891	1070	402	179	369	483	34	1312	500	1137	251	1084	103	960	486	1360	661	519	1327	1179	330	565	64	61	878	746	794	1276	759	1327	1385	678	1147
1012	68	924	275	947	1084	170	899	331	1250	11	1163	45	409	19	929	265	545	22	1403	113	467	138	1173	1379	657	704	540	507	1300	1427	348	745	383	114	1125	520	132	195	1094	329	1364	556	627	1367	18	197	51	1358	539	1103	1210	1156	44	10	1374	1422	932	98	71	92	640	1255	192	1161	853	1331	1229	476	786	703	969	485	907	883	1207	117	1345	393	289
1382	1258	925	1256	546	1323	859	914	705	928	160	1336	647	144	1393	795	984	585	1220	519	123	309	262	1400	989	1129	702	1373	505	926	1202	853	38	443	515	900	1423	859	441	1299	536	55	281	798	490	1377	799	1098	93	897	651	957	383	511	865	786	583	1151	1030	611	475	1276	1040	1006	1228	581	39	906	632	689	573	579	701	717	27	271	616	1147	1428	220
19	11	684	335	1157	226	675	1179	1192	1362	793	83	1080	216	1096	170	675	1342	1147	339	309	424	585	536	1091	560	802	314	1102	527	183	848	50	1285	364	1241	824	340	790	210	1078	216	307	1124	340	180	994	14	1340	1273	1266	42	204	451	969	46	59	1430	1005	199	1312	1319	1263	1012	890	343	656	1274	902	795	268	1054	272	260	748	58	827	447	635	336
