killC_1.txt	killC_10.txt	killC_11.txt	killC_12.txt	killC_13.txt	killC_14.txt	killC_15.txt	killC_16.txt	killC_17.txt	killC_18.txt	killC_19.txt	killC_2.txt	killC_20.txt	killC_21.txt	killC_22.txt	killC_23.txt	killC_24.txt	killC_25.txt	killC_26.txt	killC_27.txt	killC_28.txt	killC_29.txt	killC_3.txt	killC_30.txt	killC_31.txt	killC_32.txt	killC_33.txt	killC_34.txt	killC_35.txt	killC_36.txt	killC_37.txt	killC_38.txt	killC_39.txt	killC_4.txt	killC_40.txt	killC_41.txt	killC_42.txt	killC_43.txt	killC_44.txt	killC_45.txt	killC_46.txt	killC_47.txt	killC_48.txt	killC_49.txt	killC_5.txt	killC_50.txt	killC_51.txt	killC_52.txt	killC_53.txt	killC_54.txt	killC_55.txt	killC_56.txt	killC_57.txt	killC_58.txt	killC_59.txt	killC_6.txt	killC_60.txt	killC_61.txt	killC_62.txt	killC_63.txt	killC_64.txt	killC_65.txt	killC_66.txt	killC_67.txt	killC_68.txt	killC_69.txt	killC_7.txt	killC_70.txt	killC_71.txt	killC_72.txt	killC_73.txt	killC_74.txt	killC_75.txt	killC_76.txt	killC_77.txt	killC_78.txt	killC_79.txt	killC_8.txt	killC_80.txt	killC_9.txt
70	406	838	796	962	95	1408	1111	1083	1408	74	1198	694	54	802	1060	938	1386	1328	557	699	831	832	570	118	146	704	145	547	694	508	127	945	293	1115	705	1425	1328	1175	185	630	607	1161	761	63	549	383	1362	1200	508	765	1336	378	315	950	475	165	146	403	1221	43	1357	174	253	421	1104	569	301	1075	436	216	321	155	1134	967	64	428	1389	1282	1331
1397	1434	77	859	379	318	193	1007	1008	469	619	1348	972	78	768	721	304	911	1066	266	915	275	309	535	410	1181	111	1244	876	54	227	77	988	1024	1328	1211	172	543	675	799	572	40	12	903	122	1176	1260	408	937	669	345	391	756	275	447	420	386	940	1134	1196	1239	464	1185	1236	611	1226	1208	445	1430	692	693	544	175	1073	1324	728	496	923	108	8
134	1170	178	352	1311	660	1295	1323	142	1004	348	708	895	899	1017	1037	597	28	1027	996	1158	1235	480	338	700	1116	955	1330	331	1000	1049	602	715	34	764	966	1432	1434	105	983	810	1404	900	1317	662	709	194	841	365	701	377	467	815	423	393	103	691	759	820	211	81	454	160	189	1203	1160	1407	731	453	578	997	689	186	1092	1024	1045	642	1383	2	157
1217	641	4	165	1092	145	448	925	1198	818	917	682	963	271	1378	477	700	1270	383	429	1327	861	621	254	1022	1049	331	1306	1141	164	167	99	123	247	427	567	1062	229	1185	915	495	1280	1271	1209	29	1111	440	1326	71	394	1333	255	738	1370	694	1184	1046	762	441	303	1049	847	627	964	947	1116	1412	274	721	1035	776	56	715	153	286	1040	185	1294	54	319
56	954	1265	659	317	777	1427	890	668	829	600	386	98	797	1238	1224	180	193	829	1198	1194	1189	976	1437	4	603	48	302	1205	673	650	241	290	516	441	1197	1024	481	557	490	225	1166	4	547	1088	392	976	98	1365	1240	519	1079	1312	762	1363	350	1079	1210	1163	1137	1420	679	458	1247	655	316	766	31	1429	93	24	1254	1162	1074	2	1030	825	35	1010	578
1390	1179	245	562	168	753	1021	215	1274	682	945	739	674	440	151	1217	1177	1189	735	701	284	857	974	1267	678	914	131	896	1377	266	187	291	723	1148	540	298	708	1078	1187	1241	836	1090	1299	727	1124	452	1277	756	76	607	442	1071	930	954	281	497	228	703	419	880	1253	1008	870	165	120	717	1063	757	1248	465	8	427	1360	414	569	595	368	582	898	1208
551	896	1395	803	1339	1256	450	75	127	1290	906	759	1427	86	1010	1148	677	1206	1122	1075	1434	706	644	1012	1219	1180	1380	576	12	920	1288	56	225	1393	234	1343	1236	627	18	800	170	542	1221	1305	510	720	300	793	577	377	565	1190	261	1136	744	1121	231	402	786	837	613	1411	672	1069	1369	315	1236	204	982	591	1413	263	1414	1214	759	988	99	496	278	1392
1292	283	369	1428	886	609	116	352	809	1051	634	1158	1246	307	515	716	1326	702	890	975	1086	1133	202	645	1377	110	410	1193	731	458	1000	953	1196	272	1355	1358	284	68	937	905	828	284	938	696	421	1381	1155	1011	948	834	198	1435	1177	803	922	1080	864	979	209	692	92	1416	394	815	480	488	846	629	799	903	842	615	940	555	609	928	326	1194	680	1080
771	885	55	191	1220	1424	881	1000	16	1337	411	1071	617	1056	88	132	1146	307	456	898	892	1114	133	46	329	739	997	942	20	1024	1060	46	1263	1260	986	50	258	742	126	72	692	1101	1053	1022	666	575	421	1039	928	237	456	67	549	786	248	1175	1006	761	4	1034	183	838	971	385	231	269	1046	1238	555	1286	580	968	718	682	664	1291	248	1187	855	848
1384	216	1011	940	155	718	553	1414	952	1270	1099	260	1074	610	1335	1009	1279	334	542	298	119	1050	1123	549	1120	219	518	73	1030	1267	644	1297	1348	195	149	1077	1068	833	1120	749	1370	905	1091	568	32	756	1213	777	594	17	16	1249	8	161	834	393	317	170	1135	266	845	1363	1194	936	1395	313	1041	175	610	1131	483	203	1238	759	1325	536	1369	378	167	367
981	454	209	1295	822	892	35	922	821	697	1270	1237	633	947	773	596	828	741	969	876	97	782	1246	1073	286	130	207	256	593	942	1126	1184	384	602	978	198	980	363	180	118	2	1195	458	1170	1376	239	234	1386	114	3	997	380	1186	223	1425	559	958	509	671	1185	833	721	254	684	161	887	1271	1167	305	1366	1305	1121	118	349	978	322	236	204	1263	787
720	1080	882	1067	541	174	505	1023	1402	524	573	813	338	1199	1225	578	595	319	1069	582	40	698	444	501	455	787	707	1026	980	690	231	1211	194	1430	316	288	130	339	95	972	908	1180	634	173	545	1029	600	322	557	851	864	945	87	983	837	928	920	788	1195	236	984	1322	347	28	1331	292	270	1073	803	780	1347	97	1356	34	936	474	1365	874	644	1382
148	1347	787	1250	368	317	440	68	28	1251	647	55	887	305	227	605	942	369	583	472	1396	1015	282	492	726	698	266	813	135	175	689	611	613	1116	254	302	169	983	667	105	573	924	504	289	949	635	575	617	979	189	1353	1016	458	16	486	946	1197	1280	1180	903	922	194	512	615	1273	148	931	502	836	990	1416	213	92	604	1193	623	10	866	868	731
71	570	382	981	278	394	198	1437	249	1049	288	1389	270	332	1147	28	282	987	95	672	716	930	870	61	909	315	377	334	879	1287	720	613	1060	950	968	1073	636	674	209	79	1423	407	697	203	984	360	1412	1122	853	1075	440	1231	871	1430	1217	622	940	142	257	878	893	1199	997	1272	1048	188	84	799	328	25	201	1304	568	1363	1358	1266	396	113	617	950
413	924	1020	1167	328	1025	218	833	94	478	876	1188	200	776	969	39	245	499	303	449	468	887	356	506	852	4	550	832	1211	243	1020	899	1338	39	1213	832	733	1283	810	158	483	1206	91	910	268	1061	821	874	1175	1429	249	5	996	212	252	1036	1332	878	1019	493	405	1119	41	90	1414	542	594	1018	302	534	78	1210	1050	654	373	229	1231	693	219	576
886	399	541	148	294	1100	1319	74	477	447	282	952	58	1395	1157	491	890	1168	1018	421	797	739	854	792	1371	101	775	359	1357	287	1317	1126	423	123	1225	726	665	219	477	1145	1388	1155	1230	833	760	143	923	998	945	221	412	529	964	596	1231	111	1374	395	608	137	584	1109	945	191	5	177	182	235	109	670	994	313	267	1005	69	374	471	1268	1335	146
386	1438	679	39	527	1202	234	1059	440	135	1175	167	1143	992	518	1246	280	249	500	1	694	1097	1385	232	1174	932	1275	436	1397	759	1141	270	1141	744	731	1226	943	868	710	320	155	662	922	407	337	216	739	1025	1165	1322	570	508	336	690	1025	935	13	586	681	453	1101	1073	1249	300	94	602	200	1182	313	887	519	1415	1350	537	877	716	115	332	865	670
624	992	1289	886	1169	693	490	275	1434	559	857	689	703	1354	12	497	1033	1081	677	1095	358	320	1016	411	314	793	515	1006	1147	497	451	327	591	316	442	658	322	677	959	1067	599	915	433	258	721	437	1074	978	698	202	1033	494	1354	358	1055	1164	750	1428	128	466	296	950	207	319	1167	61	574	874	685	281	1253	445	1246	164	817	694	1188	1403	1353	130
194	496	1179	771	84	1243	399	266	740	622	188	9	796	785	898	1419	1428	848	1314	227	1213	372	238	731	826	1336	646	40	1277	702	214	858	753	789	20	417	1046	1432	238	522	1055	548	16	323	300	123	1190	243	9	1250	384	684	1039	823	716	6	607	644	273	732	644	1142	592	344	446	579	242	1294	31	1306	1355	394	635	1070	523	731	818	152	741	104
331	268	1424	754	532	716	1122	398	1226	115	1393	1127	122	469	354	143	778	156	1257	17	976	129	10	753	587	502	1425	558	559	1126	428	544	362	444	117	799	146	351	661	686	1210	502	669	438	671	1226	1140	1264	734	1406	1430	419	531	497	1358	270	1181	987	696	1008	920	406	1037	64	463	636	989	1398	830	1296	75	643	1423	377	21	564	812	702	1273	199
30	1074	1010	473	1275	705	469	927	155	385	1369	424	630	381	1426	462	862	919	1435	858	426	1136	1317	565	779	971	1002	135	943	1410	1114	1159	877	3	266	704	633	185	525	510	893	1350	1382	308	930	778	249	1436	967	943	1241	554	436	1111	1067	334	337	1314	1241	601	1346	409	485	176	798	581	1272	1163	817	1316	1185	405	1045	828	631	778	1383	608	217	1220
888	967	1263	209	712	658	233	1160	841	1305	507	246	188	462	484	222	659	825	701	1185	1014	432	779	507	1169	1035	1341	331	25	123	573	1165	1436	1320	156	902	1008	1378	401	85	761	1069	317	503	1145	440	638	232	1150	177	360	770	1009	222	871	251	85	981	1422	848	207	4	866	776	323	637	394	732	256	1062	811	942	939	1267	1002	275	347	303	707	523
667	557	979	394	1418	593	613	628	926	67	1375	321	1288	980	790	959	1350	306	1062	179	338	425	43	623	1398	148	726	1380	38	297	1262	840	13	446	1435	1199	74	53	15	47	845	874	684	1324	566	698	581	1295	873	476	144	899	348	886	244	1075	1040	373	730	1082	683	279	996	416	1262	272	985	73	1330	1263	1254	287	1058	329	813	1242	632	844	816	1302
989	725	1120	582	485	1210	274	200	139	880	4	1266	672	1388	795	740	594	1051	530	810	445	673	173	1107	710	406	1075	159	832	283	442	863	70	1282	1157	22	513	211	617	482	522	986	568	1392	139	581	880	5	729	340	107	355	736	989	111	52	1311	537	616	7	771	482	861	1051	1289	64	503	213	478	191	700	572	976	1390	818	1124	974	139	1200	1321
902	137	48	302	478	707	1008	439	1080	1355	136	938	881	644	187	1272	1269	1091	951	156	1292	879	944	131	227	429	1395	173	1228	71	998	715	862	407	397	1276	282	1108	862	1263	1419	414	246	1119	1187	1346	737	983	704	159	1390	338	909	156	284	608	746	1028	1423	24	1356	386	803	668	270	242	606	1359	129	530	758	84	1092	138	427	26	1044	1151	503	1095
805	1019	389	573	238	1046	539	1114	21	1369	886	138	1399	436	1205	853	1183	1427	1293	1237	909	912	112	926	491	301	847	557	477	1395	839	137	320	305	858	332	900	244	1278	1374	165	1132	906	1273	1153	708	1257	904	159	605	710	87	693	756	324	1062	122	983	1127	1336	1052	445	570	115	1114	1437	974	280	895	583	363	362	48	1031	1204	1098	172	494	406	1322
903	1006	383	609	266	188	785	1189	4	1144	386	479	592	1184	1092	672	1007	358	282	1204	379	794	253	191	930	1136	430	889	194	1125	712	382	598	199	811	1272	541	46	1196	760	1114	980	606	16	867	1269	1002	885	602	783	1432	653	1298	654	75	137	729	1214	471	1059	1158	1317	630	1319	1118	154	173	1367	1033	322	380	360	882	1124	1313	247	272	744	560	740
819	1320	256	678	533	1276	885	684	615	627	893	511	790	1302	351	510	404	618	803	1144	416	1237	359	1214	1381	242	610	765	861	256	2	1422	1238	786	804	1354	1118	569	874	721	233	530	1123	801	472	428	990	815	1306	345	242	948	759	1065	652	1307	155	684	1231	502	974	830	217	690	521	826	486	1038	1380	359	487	1397	1046	1295	1438	102	953	328	505	170
443	242	1298	724	32	18	684	327	520	1340	732	481	991	1336	874	1340	1376	546	814	864	491	141	1102	1261	125	748	23	1432	448	341	830	115	287	315	304	1151	1080	1315	905	315	1178	933	1244	144	465	90	423	1429	1265	504	597	1102	988	196	925	595	680	1363	487	587	1076	271	477	309	626	973	945	1433	1389	1078	395	1174	320	122	597	145	914	595	215	1151
132	338	189	662	519	678	498	993	235	1404	328	1088	364	1173	542	1405	703	37	578	232	430	665	323	469	200	516	42	328	1155	377	1160	25	1249	879	957	757	16	518	567	14	333	963	429	966	416	57	951	1260	697	297	562	1149	551	923	906	255	1348	1113	1233	38	35	634	1051	9	170	821	449	847	255	490	424	46	1042	805	1185	643	574	581	923	200
305	10	1065	118	75	604	1357	402	1031	575	865	50	325	343	27	1223	381	549	493	929	794	747	274	1215	916	392	917	1149	996	233	545	930	31	380	1236	261	368	72	763	913	638	828	144	925	590	613	1219	1423	316	1148	476	812	431	518	1132	1113	459	1246	404	165	657	176	868	168	1382	81	37	622	846	72	957	1396	739	1164	1306	35	1106	269	1346	470
605	1026	442	271	1	1106	534	767	176	183	211	616	867	414	164	51	1331	656	80	768	964	1179	366	49	1293	840	946	1034	489	1232	600	406	200	506	1112	504	1406	1306	656	1121	1238	63	579	315	81	726	143	1340	90	746	1141	388	1234	699	475	63	661	299	738	976	1220	665	1108	576	843	1326	1248	570	1118	1013	1322	1422	306	946	654	311	77	757	654	1216
1138	35	614	25	764	1020	262	141	1389	369	86	1210	741	1246	425	316	1129	594	658	308	1201	828	1341	1092	689	114	1029	988	165	1006	26	1110	173	1159	750	656	353	49	219	1204	388	1356	61	84	789	1103	957	257	311	308	876	332	1229	1284	933	1223	450	128	195	1128	895	144	925	1013	938	1370	440	1136	1062	1104	143	785	53	832	1088	544	889	1171	1021	1065
636	547	1319	1247	330	181	862	1072	301	745	37	22	1372	763	505	7	358	429	1121	908	792	1241	804	219	676	5	1016	1138	404	1245	68	833	343	886	385	871	507	1302	1071	375	111	822	748	394	659	1423	136	481	1283	1122	1379	560	218	825	1328	1350	1134	113	916	1265	1405	1111	840	366	226	171	1062	634	987	1364	1157	1157	376	1269	368	994	1162	357	633	672
785	2	1225	1365	1271	840	264	356	876	1362	344	726	247	695	579	1035	739	1412	651	589	556	406	895	1237	585	113	1279	1240	259	29	933	1268	270	1288	867	775	722	39	158	1174	1256	1054	93	875	845	917	1391	694	816	1030	122	1337	1272	314	1151	665	679	72	1228	671	722	259	1081	682	905	825	290	1031	355	238	1372	1123	1172	688	324	1053	610	1108	182	1344
1273	1136	1150	1120	1248	78	892	230	943	58	1092	1336	944	658	344	108	872	78	89	1220	1087	1292	75	940	1032	951	545	179	392	464	572	1076	1158	447	616	386	356	823	330	1316	724	813	671	935	940	749	902	613	479	787	320	1319	61	696	726	191	330	450	1378	562	324	505	816	1183	597	238	636	1014	295	745	943	182	402	857	968	24	1322	417	59	82
234	984	511	1329	889	1120	1071	996	1370	950	1204	1373	274	298	1097	444	1165	1351	1333	1184	322	1123	1074	467	592	467	1211	7	1326	816	1047	710	181	1027	569	376	877	1175	346	447	415	345	224	487	1052	236	396	324	336	656	745	518	929	833	636	629	1140	716	889	357	827	928	250	1253	1146	1094	1418	1303	630	97	705	684	74	1307	110	491	676	409	899	1031
988	1107	75	393	178	444	115	715	472	962	959	190	978	138	883	366	90	640	268	1245	135	631	596	436	496	421	338	1359	474	1436	177	118	1098	844	832	1079	862	122	1290	78	804	533	1125	713	1063	1408	834	1119	399	50	684	1326	755	713	352	117	1164	1163	34	1351	517	1262	92	583	93	668	871	1050	664	356	69	952	922	783	1095	330	686	1199	571	166
768	949	1346	300	518	1315	828	1117	623	65	1368	1201	323	1233	171	842	849	104	463	25	1120	963	1186	551	634	664	1087	211	1289	762	270	1150	1279	656	1344	471	214	1098	906	169	738	125	1219	1290	114	70	619	832	630	93	811	519	1344	1040	136	1129	63	970	224	198	631	1331	926	772	736	1253	1434	800	1117	957	172	343	667	1220	438	1284	1076	1026	557	343
1409	764	529	1279	1309	1030	933	1375	569	69	466	194	1432	507	507	446	168	864	1132	1278	762	156	1273	395	1387	589	97	209	24	574	675	461	1426	120	1026	447	53	1433	1082	1377	342	70	301	1211	559	967	1231	1215	392	820	978	696	880	1264	42	1230	580	541	424	510	1353	1338	825	965	791	1247	1226	642	1077	195	407	602	708	324	340	1415	628	1049	1209	1369
395	1280	421	1083	922	132	687	1283	1373	1114	1189	594	477	18	299	303	102	1001	955	1105	86	472	184	473	364	183	792	1232	1225	1367	130	982	588	1257	322	152	891	202	1184	904	1037	1287	84	926	562	556	1364	1359	951	1220	1147	293	171	1098	617	98	1223	279	776	640	107	163	222	159	703	1158	1118	1114	1219	749	1231	466	858	1083	113	1179	865	572	8	631
307	414	1407	10	1170	171	716	45	1217	1374	689	553	1038	1123	87	54	680	341	818	641	1110	157	839	372	572	1348	908	51	26	648	985	1347	564	1173	570	252	1122	593	1277	468	460	435	1228	777	658	1367	365	534	430	1239	786	1064	939	127	919	55	730	1063	69	1058	1121	829	549	524	1362	970	90	1268	609	1067	1069	110	866	618	1059	609	903	1088	1206	1196
1027	788	1412	927	601	934	1160	1221	394	616	591	241	256	364	876	31	553	1149	33	273	94	1092	51	741	83	580	991	903	755	195	1325	1253	316	1276	1408	571	82	830	1036	706	544	1151	785	1339	878	488	877	71	420	1321	988	145	277	916	1235	707	922	1185	1124	195	832	1395	529	405	18	884	1210	48	941	569	450	1308	1095	888	1432	180	155	896	1362	308
104	854	625	228	680	1048	136	445	418	309	524	600	96	236	1361	550	998	486	522	614	428	1335	1164	554	353	119	1388	41	1395	1086	782	1180	541	1121	9	870	763	1160	341	1190	838	1428	81	1054	992	1316	32	1372	486	220	260	1090	1033	1124	820	755	1293	712	1275	487	855	1156	104	1231	907	58	1180	437	1404	479	162	557	875	170	98	480	631	407	1393	524
270	735	1094	237	1088	1330	205	574	30	1347	1195	316	984	512	469	864	431	1066	347	12	307	123	107	290	816	447	941	1009	1362	867	1182	612	1067	234	36	635	458	1393	206	28	1058	38	1301	753	1119	626	745	1040	720	417	919	340	1228	1078	1348	1332	1021	1083	932	1424	1172	270	212	977	1113	971	216	161	99	598	932	1139	322	117	472	82	809	65	290	938
139	1362	587	264	219	111	876	699	443	1428	353	255	1347	1192	614	1074	483	408	1210	116	1313	789	699	976	1388	435	221	504	820	1330	1046	508	936	1055	1082	802	217	321	636	824	398	538	1071	677	35	850	1406	1365	1171	658	235	679	1306	1253	826	981	1262	311	347	66	93	1157	99	137	820	1389	293	1331	493	284	1205	67	518	1302	458	40	1195	1042	1062	72
516	428	510	295	1387	1143	1197	87	796	1105	223	738	489	279	65	969	1272	514	1177	1223	1287	1004	608	363	1432	16	29	1119	228	907	164	315	1166	297	447	294	36	676	1298	441	214	991	773	291	1015	1329	813	146	1386	1059	1317	230	540	1173	200	655	716	869	391	933	104	888	1354	1100	268	1296	120	1240	183	743	346	864	1125	717	881	1012	1335	396	515	1417
599	288	573	11	60	1234	1431	1030	372	1099	1391	1356	1135	400	1129	1101	363	810	333	1026	1387	1375	89	986	175	490	1026	1105	916	557	238	851	431	569	782	975	697	661	222	536	537	1044	1258	532	974	451	1234	96	422	437	1020	457	1232	1000	88	1401	288	276	826	932	3	327	615	195	1002	428	1106	559	1428	894	1184	461	905	941	1090	1407	223	218	724	958
183	349	1358	309	1293	551	825	1270	1331	1300	321	1133	1287	222	1263	1121	1338	295	402	248	4	464	572	1182	1306	805	55	366	724	736	1054	1018	1233	182	871	912	147	1280	814	1207	187	1430	904	586	817	1187	424	1087	104	763	1288	1361	260	1116	611	273	1298	637	743	12	873	419	505	1222	818	11	693	896	149	505	342	1342	789	491	1166	848	74	666	142	588
649	658	1118	95	868	1349	60	955	104	749	1398	286	1070	69	701	25	395	289	753	1406	508	695	885	186	969	1398	104	100	293	313	1014	1373	633	1160	2	170	716	104	824	911	396	998	29	843	426	49	1176	959	751	487	219	1062	18	298	123	1004	618	1339	870	665	560	1425	1325	503	397	605	6	1223	19	94	365	35	130	781	374	1397	1323	308	1208	824
559	1121	1143	1287	1193	524	170	566	375	346	675	1367	1161	1164	763	1116	802	100	1090	1015	249	925	1033	1083	40	333	1222	278	846	1373	153	1129	781	743	1234	1429	472	1422	59	1045	831	267	1010	1263	517	1038	793	890	348	10	701	586	766	224	302	447	1394	1294	888	1163	106	244	465	209	1009	683	88	1011	792	684	250	808	1108	777	1057	192	802	247	1251	641
549	801	911	362	492	65	1054	710	245	1148	1116	979	738	861	241	987	1252	541	769	1109	152	505	1245	596	294	690	713	1263	937	1179	123	591	80	727	956	1090	56	980	933	142	950	720	281	965	1246	108	660	1291	1043	188	127	1215	611	875	1168	890	822	699	887	472	611	521	317	390	865	1285	346	813	268	618	129	1231	860	752	161	1376	346	1303	1191	123
1004	392	393	777	110	1219	388	265	352	690	485	215	684	1046	832	626	1253	687	217	460	112	262	865	982	849	1168	59	34	557	1309	798	226	1328	611	141	1292	671	704	362	788	1093	133	437	1	929	285	1218	193	122	136	363	1214	360	1030	621	207	977	742	560	350	1091	217	140	1326	835	872	16	124	8	461	939	708	1390	825	123	659	977	422	545	1053
8	521	182	548	1058	1369	445	1190	9	635	1110	1301	1097	1182	754	427	51	949	1348	1215	278	1024	305	667	860	621	995	124	784	176	1431	826	104	1317	160	433	643	441	267	370	207	736	1032	1178	333	333	601	782	293	744	838	956	358	1306	1147	295	908	545	713	1182	179	1007	1153	898	1107	930	1409	349	208	777	1028	1177	886	105	460	1152	840	664	250	1106
1407	401	746	277	483	701	401	440	83	1276	832	1118	379	255	1339	1036	611	1268	1404	356	756	5	1370	1145	1009	484	420	240	1391	1266	1169	991	928	912	794	869	309	434	1038	1143	53	307	896	585	525	532	1197	507	696	289	913	451	1391	903	83	649	57	1345	134	541	138	1238	1074	247	1097	463	883	876	883	428	366	638	820	689	1339	869	706	755	1383	904
169	1047	89	1179	1089	389	156	525	1423	1309	1250	1139	159	717	1003	1366	58	5	238	1254	945	509	1397	782	346	1259	1160	785	735	93	971	389	492	1124	674	1300	125	1369	277	856	37	777	794	791	291	582	312	415	573	640	1148	844	1256	190	1193	1352	396	639	497	638	1133	1064	1315	1026	337	630	156	764	243	132	302	380	806	437	822	6	952	692	161	499
760	368	351	342	76	280	1022	1255	115	867	838	308	1382	165	1315	1270	369	1319	1024	16	670	1434	1069	802	1000	1102	19	852	541	722	335	1321	96	489	181	430	495	1023	297	448	1102	1112	759	461	400	1163	756	1361	209	548	307	1022	580	257	1394	152	791	710	232	308	788	782	1056	600	342	512	1021	563	1220	292	790	18	372	211	576	1032	1292	488	185	526
125	538	1141	703	303	1356	888	103	925	918	1107	613	89	187	697	383	1263	1175	127	412	1058	338	28	1317	448	977	148	1328	1298	1364	552	1061	241	1387	784	941	1318	136	301	1153	1266	1168	689	473	191	1375	260	212	742	117	1169	292	394	376	1203	494	762	957	1419	968	105	240	412	924	276	268	1119	1404	1247	928	498	403	296	1401	650	700	1287	699	1043	803
1387	1058	992	878	389	708	1392	1048	327	1273	1386	274	1208	213	919	1300	202	1145	1416	1316	601	89	1169	1187	1048	1431	1230	1434	1064	469	978	579	318	467	422	500	852	814	1176	258	69	697	183	865	17	426	602	384	777	937	24	1268	1303	506	658	792	1210	1066	1154	1413	1157	128	1177	1288	511	1025	1253	708	1017	1360	600	54	999	593	930	597	308	824	719	585
728	27	1399	1325	218	442	980	979	935	1311	988	1225	109	492	1052	1429	394	287	192	197	662	42	828	537	974	1202	1194	667	1160	1336	408	1282	1127	696	839	203	424	303	491	818	1219	989	268	481	524	1248	1333	268	1054	865	93	714	525	859	824	763	544	59	62	736	1081	818	454	476	119	182	772	872	1367	169	708	561	499	680	1069	976	1114	1355	240	1051
1261	800	1061	169	539	19	422	748	1038	25	1235	559	390	1374	1110	1073	1137	502	433	1115	469	741	930	256	556	1205	1066	746	349	1399	591	442	669	1299	511	111	933	212	934	717	626	68	836	486	1390	7	1305	901	485	1061	82	1247	971	521	249	267	395	754	514	603	769	1398	1328	490	958	663	473	537	394	282	202	1031	541	587	1320	234	693	1409	1134	1067
1047	1242	756	1270	612	1056	125	1207	368	876	219	916	1009	847	1362	449	724	366	970	714	1248	1288	478	1413	424	246	1100	909	608	734	98	240	705	395	1282	888	729	1325	709	99	1033	1027	707	1172	1429	1068	917	696	81	832	1037	323	908	632	1295	1237	384	1284	1321	230	433	248	1016	949	580	840	964	143	1309	1436	12	1312	1376	328	1161	601	75	284	479	1028
1436	936	1027	725	1137	452	154	312	1024	1068	1305	53	1312	1398	391	1188	809	372	1081	1435	30	1348	1116	362	456	660	765	798	1061	510	394	746	462	1137	436	355	509	573	30	1382	3	897	1374	1276	1192	897	776	677	63	452	448	1276	320	1158	1078	41	20	497	40	503	180	1297	423	114	857	645	1072	666	1297	87	1240	903	522	869	984	908	1226	1240	153	951
303	1111	650	1400	265	13	329	1419	316	200	215	931	646	802	240	144	449	1139	1140	867	524	58	1171	1158	74	826	362	605	1378	484	416	961	419	637	932	465	628	754	543	537	746	1289	1065	1020	439	838	221	969	1281	1247	824	898	64	67	505	81	980	763	523	624	4	806	1166	482	392	1100	525	646	1144	1328	625	248	34	1054	1286	132	1028	1291	457	813
1337	653	703	1417	413	225	1263	793	605	1091	963	773	533	805	755	1408	637	762	649	1056	562	601	221	10	296	71	52	143	250	506	1040	1288	576	48	1244	1356	1428	51	877	862	16	1380	344	1161	67	1365	1220	1265	5	850	779	1310	613	1382	868	972	832	722	914	1052	1152	875	1176	26	66	516	419	134	563	59	1286	426	772	107	573	804	417	74	393	1330
207	472	325	164	609	912	1212	222	767	824	1245	1000	301	192	540	956	920	476	931	1103	1019	703	1398	703	1298	86	1302	676	29	316	28	290	1102	307	326	940	1382	1012	1398	1349	232	1266	518	599	968	846	1171	1349	238	582	962	456	816	55	49	863	885	929	533	673	1284	214	1093	23	508	452	1378	688	1340	163	721	472	1079	1253	488	1372	690	1165	1268	547
420	711	674	595	322	382	829	1243	794	431	1121	706	1077	431	185	42	495	1207	1325	1294	1088	166	1296	914	291	224	163	540	1083	1288	1136	818	1346	639	967	405	329	876	429	1363	472	1405	1264	1135	458	645	1272	65	686	334	652	941	1218	1160	229	346	77	1154	95	296	391	839	691	166	605	329	1276	1128	921	1041	509	304	52	594	346	1239	691	136	796	1323
571	411	1371	675	189	596	925	60	1164	36	95	654	21	473	895	282	223	495	824	1176	850	1341	864	205	804	1002	63	708	1361	838	906	1200	7	1171	1410	702	124	269	854	411	1201	1279	879	597	82	961	550	942	1217	546	337	126	737	727	103	441	393	656	1327	340	1045	1042	456	889	1313	699	127	577	20	91	1365	885	559	29	387	470	1432	1354	471	567
1082	1235	481	601	738	1430	904	807	1129	519	1192	173	1087	163	1224	401	690	36	705	661	912	1073	1165	1189	1157	1161	559	853	604	308	548	531	1151	1040	398	781	765	901	29	728	1284	468	1082	551	571	1199	1224	90	380	39	923	460	1050	1259	1097	328	1386	1058	170	424	29	868	489	510	1417	1176	936	812	272	996	902	493	58	519	441	443	103	818	1192	346
899	1096	1359	633	225	759	617	349	335	671	541	389	1078	1411	1104	932	1010	924	119	1262	1040	1340	1144	308	665	765	861	803	245	138	979	449	561	933	321	1216	602	816	21	1041	422	744	995	1102	202	773	245	23	880	1387	629	874	1054	1233	1206	1012	180	1232	272	1118	1019	846	27	1008	1021	16	1200	1427	1100	295	1222	22	1391	236	92	607	817	1149	1313	1015
1322	498	1382	972	991	889	467	1334	775	90	685	583	1343	1143	1186	1129	1055	866	510	922	172	19	531	700	16	1434	246	652	1428	1100	1346	1294	1235	435	1218	1115	1004	52	1079	826	874	1400	840	508	576	177	20	599	1026	469	661	1262	1292	879	687	1077	54	137	141	937	1211	736	476	1304	648	1393	277	325	1341	1365	827	596	911	1056	181	1209	719	1275	436	775
1252	1155	570	1409	917	399	1048	396	208	650	631	655	1102	1326	440	963	625	291	246	1390	571	315	146	90	605	1364	960	1418	8	776	896	206	1221	172	1051	484	586	1229	1225	1328	729	1082	711	288	397	688	185	899	1183	719	998	1402	285	996	770	772	129	227	732	1026	1432	542	810	34	253	1029	450	1344	473	1137	1136	172	859	487	497	499	931	601	1334	660
1102	579	1086	1152	644	50	775	883	1201	863	267	817	1319	67	708	1011	930	1213	178	836	477	1257	891	699	31	125	1278	345	695	78	1294	1360	900	524	1096	920	1304	844	1288	36	74	1364	996	651	570	1374	415	150	263	201	1237	336	1057	1148	1308	344	282	661	791	1387	931	1253	199	849	607	1414	619	282	640	1290	10	1390	652	172	1111	856	1391	1361	634	43
810	326	1255	818	969	424	1206	1304	473	523	807	1399	46	934	601	1404	1266	1420	225	379	463	733	1432	1119	179	969	488	1215	1404	1082	115	21	465	704	797	972	246	1437	1081	982	1057	1136	454	844	254	927	1393	1210	1109	969	902	197	923	688	1018	435	333	643	551	1022	127	1337	9	1301	1168	1216	1238	922	623	655	855	699	835	732	492	217	1222	97	7	41
1178	966	709	1025	575	497	320	423	1338	1082	476	1144	1059	106	765	947	513	1422	1330	485	715	1217	629	1133	991	302	103	352	1055	1079	946	322	734	1346	365	468	150	248	117	723	457	1127	80	208	862	265	1341	1373	64	438	547	233	1011	839	1307	1244	236	89	839	1374	198	531	1069	16	897	871	956	1390	494	816	676	501	1217	334	713	1319	311	9	641	646
686	841	1044	1084	884	477	1045	462	600	831	710	1284	603	1102	175	275	401	560	761	28	252	1102	73	483	39	1188	586	1234	73	286	7	950	991	268	497	163	1296	1137	595	1277	1354	1103	985	396	329	914	444	742	1285	495	457	637	174	310	593	290	307	909	943	705	1421	23	197	348	343	1163	1417	436	643	173	225	413	198	972	1194	781	779	1382	1345	195
556	1417	270	363	309	643	1270	158	163	292	919	720	820	1359	804	607	230	198	974	1425	67	53	210	1054	1200	571	721	63	1016	1291	456	31	664	1181	151	913	881	203	340	431	417	337	457	1024	206	1242	209	1280	649	310	826	895	1116	416	1288	510	678	1105	315	342	152	1240	1200	985	660	511	573	548	503	375	719	1025	854	115	747	1054	176	996	1158	1007
161	1142	1088	395	115	1368	375	1158	938	1145	1152	336	572	1022	748	1263	232	750	149	742	1205	618	776	297	402	138	1259	1103	1166	403	623	537	133	1401	376	1336	1275	60	478	294	1022	946	198	1224	994	1002	330	691	116	620	574	937	619	398	1344	1248	343	607	757	1280	592	425	1078	1330	1255	924	176	1125	1193	486	348	770	721	99	1202	689	46	281	684	776
256	1291	842	611	934	356	754	114	705	1425	470	232	866	1176	395	122	767	1429	1209	114	1172	482	768	540	149	60	1127	365	505	1107	631	903	148	828	671	647	1277	45	1144	455	360	91	810	12	681	775	1404	157	1343	756	1053	1301	1363	198	263	39	1436	700	1341	1277	551	783	792	172	1074	1203	981	505	867	387	169	136	609	962	389	1418	84	1099	1422	850
402	263	1276	159	458	672	851	1381	496	105	491	1250	580	160	262	763	343	15	68	45	1167	1430	324	1063	1431	1150	263	57	1351	105	679	894	667	115	1098	916	873	218	1257	1257	957	899	440	1186	1142	98	514	1406	292	1047	639	132	311	851	995	485	190	1380	666	1102	277	602	128	669	148	1396	1283	738	1410	650	1285	1282	1146	1161	779	630	536	710	1042	1075
218	1287	372	1079	31	462	782	728	307	297	248	294	445	130	1058	679	174	1318	936	343	942	810	129	267	725	1237	815	872	809	1148	674	1364	709	642	906	96	767	127	311	283	287	162	318	862	532	68	289	1194	930	1219	722	602	352	1025	179	1073	1127	886	950	799	1044	322	1291	559	481	857	1175	1028	273	657	458	673	190	1209	1354	990	980	1081	750	1126
627	1289	473	791	327	605	387	607	1240	1194	758	670	518	277	70	1287	389	837	410	1035	1044	69	1427	1242	1068	1341	1358	1154	272	1214	673	717	1094	295	1265	967	795	666	852	1046	48	1263	776	147	216	584	41	897	1190	256	1046	647	1411	165	842	570	804	841	1031	1152	1134	150	855	509	868	1179	797	736	1356	1243	1392	525	10	470	310	500	1192	1236	423	1342
1370	527	492	1256	700	347	759	404	1114	117	1046	1294	1299	432	222	722	117	748	895	122	608	732	757	909	1274	1251	495	617	1120	955	536	569	302	953	224	1368	634	1424	1415	727	1046	1333	637	1243	880	1051	1184	621	966	146	480	23	1027	755	142	338	467	546	1245	166	5	733	299	371	1284	680	978	137	888	1424	1258	495	1416	432	915	509	973	414	388	1019
688	619	1047	629	1215	549	965	248	545	1184	453	1112	1025	1214	844	873	75	773	684	161	739	978	759	106	538	1152	915	885	692	1194	302	228	1105	810	1163	146	1185	810	762	1242	1169	175	912	680	275	659	1355	955	1001	99	1398	1210	1202	82	305	29	1347	158	925	683	482	1105	1403	1338	205	1206	17	1105	1040	914	1359	1148	273	1336	53	910	943	1212	698	1352
1398	1045	338	510	198	570	1436	564	456	1012	390	432	1438	123	346	1348	323	189	429	588	757	696	698	1231	787	934	1095	453	874	449	699	1133	414	1156	1343	67	1169	1187	1276	156	765	1424	770	1157	232	497	458	494	300	1288	1012	831	296	845	986	373	392	1386	557	14	1067	127	940	1359	1164	943	914	1099	782	714	684	194	839	776	1395	302	188	1184	446	1181
829	189	1106	522	1260	358	789	355	526	294	1384	1086	1057	505	441	1393	124	1000	1212	207	199	643	1238	557	809	1155	147	556	762	1083	374	1032	456	357	664	850	705	1257	936	807	221	779	1211	703	518	808	26	434	184	786	1014	1004	794	209	1296	1438	153	1074	31	580	171	1154	196	187	210	49	1193	146	1339	979	858	702	283	151	1167	645	190	1390	372	142
1156	400	1127	482	926	447	908	1123	351	899	1243	828	1267	901	122	1344	1323	779	241	468	206	468	978	620	1047	846	665	815	1183	1323	1143	1064	1407	913	587	330	1324	103	108	613	973	1061	207	1267	511	782	863	737	8	1397	27	1130	697	1014	1087	563	669	100	1260	674	392	187	1092	1397	1254	816	516	1143	489	178	803	1406	535	1154	718	1434	744	1397	623	743
790	276	1389	255	1243	505	691	331	93	72	643	457	25	429	1020	933	1438	1437	361	326	123	164	980	1375	1026	1291	842	662	1091	654	1006	167	1285	284	910	825	1237	132	663	399	620	990	1092	1220	154	1031	376	587	843	615	131	524	507	1438	921	389	457	610	1413	608	248	831	1161	24	1323	1171	79	265	498	352	1179	268	71	1216	1016	559	531	1030	810	1006
1326	968	995	934	288	799	294	1430	274	23	644	1064	243	316	1028	533	149	596	1049	324	1045	479	744	1382	1092	50	617	585	643	402	1043	984	154	549	1420	959	1048	1425	1213	351	933	1253	345	757	690	1186	1308	346	289	1258	564	351	750	1203	1224	753	185	219	628	904	1398	663	874	1346	895	263	1251	315	422	216	144	570	45	483	764	385	419	882	1197	591
1099	90	7	1005	786	104	890	1155	634	1060	1025	501	1167	498	554	300	1387	809	377	1310	103	554	1354	1141	1413	332	986	841	289	578	762	460	626	728	369	776	1261	205	383	265	1324	370	435	792	1069	88	279	806	754	863	415	424	734	847	806	149	18	1340	1063	1	344	377	676	1437	1177	1103	371	836	466	121	1228	411	562	184	91	734	1206	498	177	753
1410	1053	666	1074	816	1296	694	414	604	686	572	87	215	309	787	225	468	48	1356	108	719	515	1314	1385	229	257	1353	1403	36	342	1320	1162	1398	1419	1037	1126	815	940	159	1178	195	422	1344	909	902	1102	471	642	72	1290	694	207	136	232	949	61	610	1038	1082	751	708	977	515	720	1221	155	1142	199	529	632	731	154	67	1410	469	585	1038	1345	1411	250
334	850	23	1267	975	274	723	698	889	356	88	1342	803	403	353	242	613	209	1349	777	1274	310	789	280	1094	979	542	957	1389	580	1051	1411	160	840	173	664	1338	787	1101	40	86	109	32	1239	535	916	692	139	240	690	305	81	1357	1059	157	722	502	1267	1009	495	1148	1309	787	318	1359	219	1171	674	1114	1368	1379	331	244	1428	727	809	997	1431	74	268
1080	409	1079	1427	874	256	827	360	947	602	781	1167	644	1001	140	127	1222	441	2	616	573	1373	601	651	1335	1432	1412	994	373	1089	549	530	286	1090	1008	191	1279	1114	776	851	704	803	295	512	738	326	1051	831	221	322	1062	73	839	493	936	866	768	956	70	1067	273	373	516	546	1426	918	700	141	1107	1016	681	660	833	1322	1058	1303	363	304	943	700
1199	696	260	103	1039	1016	13	370	455	984	110	202	359	205	361	1140	526	772	358	599	1252	1285	1213	143	146	426	1000	409	1369	1422	1018	452	688	322	1059	62	49	469	1029	1245	126	194	1392	48	1369	725	725	1050	182	961	685	891	762	1355	1215	685	888	65	450	499	875	28	933	1180	275	678	322	106	280	764	984	1219	864	321	31	1193	287	117	187	221
124	55	446	1390	1427	1251	572	1226	95	716	1104	819	994	1424	1433	921	329	128	1136	881	176	1353	648	1128	374	635	209	1122	694	737	325	936	1009	427	1227	944	285	1261	380	944	961	1310	945	1214	1162	554	505	1316	1127	1099	1400	1175	663	817	1376	532	281	492	1409	1153	1393	524	141	201	407	456	1127	1246	468	594	1089	766	1197	103	364	1004	456	1211	906	209
239	1337	967	1382	482	656	301	1216	109	293	948	637	1306	864	1165	99	498	251	91	698	720	902	1222	253	1095	1211	322	1216	510	912	417	1404	736	1305	559	1251	575	6	359	386	1255	46	516	1120	1111	1114	1072	120	1046	347	1368	1052	384	748	74	440	1065	511	974	401	1230	186	201	1329	834	1048	1420	1148	938	739	1363	1215	12	973	54	912	1135	728	622	682
320	859	375	760	753	923	1173	320	1332	546	937	1277	1380	981	695	1386	697	167	1308	1290	513	407	1161	229	980	741	77	52	464	672	1088	319	966	460	323	917	944	813	1098	38	979	83	108	334	207	780	1064	1212	393	1071	1134	401	847	781	106	1318	475	510	318	1170	109	460	1120	496	878	1269	969	273	172	915	155	1207	208	1276	653	138	88	1209	126	529
236	554	1201	1037	980	429	777	1225	160	147	604	1091	1165	195	475	1086	446	548	1053	852	1244	513	705	857	1192	1423	620	752	414	543	1403	197	575	670	6	569	40	1403	306	497	491	475	1410	107	632	1414	329	163	893	33	503	317	361	189	934	402	945	484	855	918	918	1055	1025	184	544	115	496	1263	984	721	1331	44	1323	443	1042	1046	20	945	72	320
378	777	1370	263	741	741	699	282	917	840	129	1002	1206	369	704	1290	227	184	1371	467	487	127	59	1426	224	261	238	1253	1212	204	695	401	1136	819	709	685	178	1400	32	1214	1094	865	1332	669	373	1264	733	990	854	1108	609	1133	122	1033	213	1319	189	145	1339	1272	1035	1083	1375	6	294	809	1427	773	577	672	617	256	734	1317	853	119	1386	934	25	35
333	595	316	1093	955	390	1110	624	872	979	228	940	1079	155	1327	557	1405	1336	802	14	1081	428	991	312	965	1417	906	688	849	507	331	498	676	1243	284	562	38	12	261	1270	821	642	149	345	174	1343	1088	634	1044	1222	949	44	719	1023	870	839	209	506	1381	1423	153	1426	325	1138	77	1209	209	425	456	1284	185	890	61	706	142	1006	1279	161	522	175
192	325	427	180	273	68	989	290	915	1385	935	764	326	1070	637	1137	800	89	822	137	1055	171	722	884	220	9	699	1397	1412	1303	368	663	394	736	563	295	543	1182	820	594	1006	1342	18	640	64	429	643	424	57	1303	773	860	126	375	565	1366	532	1018	965	960	696	1270	312	827	1392	697	558	1220	1113	1052	655	134	1057	1266	51	30	705	1172	1075	33
174	598	342	750	1200	1347	1209	413	1199	1267	281	680	816	52	645	695	159	159	264	553	1084	892	756	1021	1385	796	583	1017	1424	76	813	12	313	218	404	416	174	466	160	850	317	954	459	1084	909	913	1256	1055	658	513	1302	430	1335	1181	1143	1054	158	491	7	1147	422	332	425	143	978	901	701	291	477	1339	923	429	951	662	334	393	215	1076	552	771
73	1185	945	1420	501	1325	1050	220	1366	598	1244	687	615	1381	679	1090	588	744	894	148	334	1252	38	1036	742	768	894	174	151	1310	908	709	1218	759	1237	479	1263	542	1424	806	653	934	686	556	1349	346	102	701	1053	801	250	1138	231	896	1303	1276	552	815	143	406	212	1351	755	555	451	4	1165	528	229	1122	1318	450	693	224	500	968	841	990	1181	1182
1373	670	672	408	544	1061	922	221	1137	788	521	381	938	331	218	1222	1014	154	968	930	599	908	499	1306	58	1003	164	444	2	650	1401	202	1232	318	377	290	880	276	1195	212	177	718	201	494	1074	1017	1148	1031	1216	689	995	444	973	274	470	394	928	962	153	1066	1412	189	507	45	1253	1282	571	589	548	595	289	305	369	774	407	769	607	22	869	1343
1072	1282	300	115	963	336	1017	363	90	1296	275	1357	1190	1153	68	653	544	1382	941	1436	134	1000	1392	642	873	904	1067	1075	52	385	1256	1312	135	555	624	47	556	881	1166	1300	76	273	903	472	1229	1251	1251	558	1188	128	501	345	1103	1276	119	90	300	1396	38	1241	264	166	298	1390	351	724	1176	484	245	467	290	130	1304	964	1013	313	331	195	1093	739
238	824	206	213	500	526	900	460	1014	1134	799	561	205	1288	393	307	141	662	752	561	1039	743	227	1114	647	1346	1319	220	389	820	828	262	605	403	622	513	288	888	122	155	995	122	727	330	608	550	1427	610	229	777	1058	191	1387	90	23	312	989	204	435	938	1000	80	1085	1294	710	1061	1048	1408	650	614	1180	1191	1029	908	762	231	485	1282	1305	534
28	1317	777	402	925	47	896	611	780	123	403	71	620	827	605	942	32	580	930	112	391	544	188	1333	54	274	384	1196	928	1114	1007	1335	115	561	1381	248	376	112	922	314	632	725	1192	1016	332	807	250	1152	973	80	1039	151	544	1031	114	759	1201	1305	1039	456	1139	897	324	544	369	273	1068	1087	433	234	740	128	471	405	868	331	677	1378	1259	101
544	1114	953	1199	70	1172	1377	255	1290	645	1400	39	1007	394	532	974	176	177	1370	1374	689	822	1044	712	1342	525	589	397	1293	793	391	129	570	1429	599	809	470	1232	17	102	1267	586	489	1365	253	1117	996	516	1041	972	244	989	801	105	28	621	74	1009	1345	1115	797	1014	1361	541	942	554	1178	867	1311	941	562	1051	1160	1415	1418	995	680	667	734	1391
418	743	467	1063	996	1035	841	617	242	1247	371	964	1366	1242	275	534	1304	1055	39	694	325	1218	1193	69	976	1059	1239	176	257	1241	504	1181	4	526	1340	1082	964	731	217	758	718	76	1364	1045	1014	1205	340	58	780	101	1209	468	60	1050	1355	938	803	387	446	258	119	997	878	106	1044	1124	1432	1425	1360	552	1101	1070	529	595	217	309	173	1152	483	55
974	986	355	1389	1336	694	874	367	341	1381	56	826	680	1273	912	994	713	1101	543	1360	791	805	851	117	333	215	494	1055	1319	1426	734	415	1282	1294	1273	207	611	664	1340	632	198	669	594	1407	722	1090	351	850	982	355	1010	955	763	182	276	848	874	242	545	1154	417	113	628	409	516	244	1365	744	62	711	833	1098	3	129	67	1174	488	518	1142	798
343	1055	64	67	49	293	1111	543	287	776	243	1177	475	36	170	357	191	1134	1021	15	521	584	1087	751	1046	697	609	730	1342	669	1312	1267	273	253	1072	1227	1281	310	221	390	619	1347	870	567	66	1214	1003	477	538	332	1130	1032	42	1052	82	196	1207	448	331	735	430	694	558	1282	64	1217	348	960	123	27	433	27	962	1186	282	420	799	169	1347	1237
514	1131	830	612	683	863	941	597	730	908	974	606	1218	424	976	199	628	237	346	58	398	1207	1112	375	1121	450	443	656	752	548	1058	880	581	1199	13	924	1278	241	614	854	916	957	92	484	24	986	1349	656	1160	336	1140	476	853	971	1339	501	1402	203	770	958	234	568	1413	65	151	942	982	595	1203	970	571	523	1137	243	57	556	1392	697	212	173
856	492	499	599	1430	1029	298	196	1061	1278	434	509	988	1245	1302	1189	1018	935	495	1265	526	1188	1097	53	1338	314	1062	1044	458	686	1273	296	680	50	16	864	382	126	89	895	747	1107	646	882	1215	1355	742	304	1148	1421	1406	667	828	322	1000	845	1370	1223	1307	1329	623	158	1100	1200	1093	1032	1315	335	154	1045	1211	943	936	841	956	1192	1116	557	1428	249
1070	795	1295	747	254	530	826	333	371	778	1326	195	671	430	86	482	901	542	214	71	418	149	550	653	1390	1099	603	1351	253	889	1322	911	506	19	965	604	487	613	978	772	1363	170	371	799	567	919	1188	986	1080	370	19	748	535	549	40	784	76	890	694	529	408	493	15	118	520	226	984	450	639	464	1349	608	949	627	1363	66	1187	493	534	113
465	958	335	697	977	618	725	353	783	653	1133	1330	780	1286	246	1076	770	1059	601	605	365	91	98	713	754	1199	736	1200	1429	1344	1390	1139	155	1153	110	137	1014	297	860	287	752	572	1189	1382	1082	662	820	745	1073	819	421	871	1012	714	649	47	1424	1310	1141	1112	233	759	301	355	1067	118	586	304	613	1217	1066	857	634	486	6	1051	602	282	1212	145
1231	1007	747	1391	663	1205	328	737	958	1116	335	1095	467	111	948	894	208	1393	143	1037	61	36	299	815	435	338	688	406	249	1044	821	1349	1212	475	777	112	846	177	660	874	263	317	650	451	401	244	42	922	1139	82	703	1177	1183	441	44	1247	417	461	675	890	261	787	1083	391	133	1040	1381	1172	663	1214	669	556	831	1085	776	568	229	1021	442	261
306	426	840	490	1027	1144	351	1186	454	214	294	1372	1210	657	541	1423	94	811	166	831	1191	940	681	160	429	1119	217	983	258	899	1122	882	1243	898	413	215	1326	1347	246	699	310	1087	762	1095	1087	489	621	849	1199	1020	361	514	586	981	1139	1306	934	1046	498	800	335	952	497	252	1030	632	1309	788	213	1434	653	617	625	877	90	13	149	1415	241	1056
156	1031	517	1230	1352	1135	809	889	984	1400	1407	1379	192	1064	539	814	93	220	242	712	1049	814	1039	633	1367	1284	1091	1390	1408	395	1433	570	1331	1220	1159	753	1182	407	1070	77	684	1143	839	908	1308	378	716	41	915	511	845	1407	1138	1256	170	937	540	955	852	1195	879	942	1218	1118	752	83	715	873	220	932	954	1069	553	919	773	1267	1427	961	762	102
121	1387	890	1032	1277	947	281	823	805	1343	1219	1258	1118	119	300	34	829	826	718	42	1170	1083	1198	1192	319	874	1397	1197	974	452	688	821	787	1141	582	546	557	289	842	1430	1299	222	661	693	692	729	1379	1268	731	831	87	39	1351	874	926	562	1078	689	940	1018	1065	586	148	420	1303	538	179	197	303	49	503	4	351	862	552	829	1340	1343	795	513
664	939	1000	1380	800	519	579	1020	884	119	196	926	1214	1283	819	1438	407	1304	565	408	924	462	167	1089	672	1414	1090	876	1194	828	775	1316	793	885	847	401	299	1104	1114	1092	899	560	1395	959	435	314	656	840	913	381	339	1355	646	837	751	973	204	1352	1121	361	627	1335	487	442	237	442	838	62	768	1413	403	607	713	175	1	506	907	752	683	313
1323	542	1336	134	722	1019	810	307	1202	1375	990	1252	1401	158	958	917	440	99	1198	1242	798	1438	947	785	1114	1148	108	290	578	959	662	243	730	822	283	130	21	701	1289	1291	1065	173	64	297	445	1426	455	1236	376	878	543	632	294	473	209	752	858	386	1235	94	1378	476	391	504	1187	336	453	908	379	137	254	876	1017	1393	550	851	777	1279	789	1335
806	971	1386	930	164	669	610	751	130	1421	1332	218	960	986	744	305	415	1411	1057	211	1349	820	1166	863	589	523	985	1345	760	207	511	282	641	692	331	1322	1107	467	130	946	592	576	591	327	1397	144	84	1341	1007	491	1019	438	678	417	160	1415	404	576	1130	1005	61	972	120	30	1052	214	1270	1121	903	288	1052	149	785	697	942	542	950	709	950	382
217	451	968	336	1166	495	1409	1182	1426	225	610	1339	1400	1034	1196	157	160	309	850	824	1257	186	582	50	284	958	1118	817	229	382	1436	701	1099	487	342	71	983	1251	1438	227	1110	144	259	957	442	573	452	59	688	1184	49	1403	143	125	958	1388	128	824	300	748	474	1292	947	198	56	985	463	1385	1237	705	391	391	1179	416	1359	1332	826	207	146	110
492	759	1214	338	586	1159	76	456	559	951	1029	1136	191	264	904	888	166	529	1133	844	277	443	1028	317	510	882	183	1424	566	990	758	752	1019	1079	86	126	93	962	1027	732	1130	60	1238	128	551	1035	469	1057	934	526	1358	816	175	578	466	1226	200	1092	594	985	1387	331	418	1091	950	870	315	456	91	1082	763	222	347	525	446	3	1276	1371	1030	1112
447	864	619	630	836	690	891	876	1088	381	1327	48	1327	1207	132	1	1431	1058	1227	1057	560	997	424	762	141	281	248	319	1098	14	761	995	1271	629	529	1428	1404	476	1091	491	1358	212	1083	578	349	136	191	1036	1005	51	435	889	168	594	851	329	159	1079	109	77	1002	311	514	726	949	370	48	1025	568	849	781	361	101	1192	941	216	299	1246	685	1430
342	1416	928	459	349	1374	346	1289	1229	1317	239	403	416	65	1114	23	210	242	306	879	1306	1240	1117	866	555	1313	701	1295	1350	1377	1321	1264	894	661	527	167	1233	499	823	1177	1155	854	875	1394	729	1213	303	349	1382	272	431	92	444	1054	748	1371	251	612	41	855	906	1030	216	762	678	1005	837	6	528	952	28	592	1272	895	954	1328	434	100	1151	709
1035	520	445	812	344	767	1053	409	518	835	345	1116	977	626	1190	1317	1383	402	1016	1061	731	1175	871	1110	613	517	595	482	900	394	125	1436	20	1058	112	817	17	1285	211	205	629	1108	228	304	1009	212	717	929	333	206	226	909	160	669	802	1179	105	275	785	743	1252	9	377	519	448	720	404	1115	994	1072	645	1161	392	1331	342	931	1070	476	1252	879
1319	434	932	34	1002	355	880	1135	1387	434	1253	781	174	72	1382	839	169	1010	1048	142	1127	1066	961	828	1361	207	189	1174	1430	1141	279	824	1362	187	595	335	663	216	333	243	513	306	271	2	1248	1141	53	413	94	1081	972	1250	609	454	59	163	847	290	201	1088	387	306	459	446	153	1220	1194	1035	1206	1402	233	271	197	385	1172	1204	1203	860	77	188
414	1054	610	215	281	305	914	907	692	679	602	747	342	1178	825	1257	598	1004	569	770	1376	232	179	1277	810	341	1297	385	1017	922	1386	797	860	1428	796	491	1251	1087	323	1438	1276	280	122	178	730	100	1047	963	369	266	1145	450	238	211	1254	1116	913	1388	719	574	862	712	1215	15	166	279	1247	458	571	408	282	302	1071	1053	510	431	994	385	459	435
431	721	799	855	1407	456	586	578	584	303	905	660	673	1094	342	80	898	239	1100	1354	464	886	1180	1363	652	472	438	996	553	1181	1411	869	1234	75	178	1296	96	1413	1354	795	65	1154	1413	110	60	1188	1216	44	523	107	30	800	52	1206	796	134	987	1077	990	521	75	506	679	514	239	1345	1017	1417	122	1074	956	254	673	743	1048	203	1379	383	325	1199
1305	1067	1314	61	613	487	1034	729	1251	1186	898	633	1149	167	769	1118	1086	781	1273	1106	45	115	653	1293	121	1413	1400	860	803	1289	1064	688	856	113	836	115	1138	391	686	673	614	819	5	1294	919	501	39	1416	1310	837	538	299	280	123	9	460	1391	218	573	830	483	83	743	68	35	143	354	1264	1260	611	234	631	547	1	917	1260	813	635	1003	512
816	876	213	881	1263	1174	288	1394	1284	1037	1319	182	71	448	324	1068	1036	657	332	1179	1038	1101	553	1046	1227	778	244	1347	327	695	128	1417	1423	1231	453	35	844	741	889	125	623	528	174	813	668	421	910	695	473	1365	65	36	319	60	1301	749	612	1206	163	636	126	1319	75	404	1339	929	821	99	181	276	1226	1042	910	955	294	463	91	893	645	727
824	1086	680	786	417	1344	1279	977	1293	185	1413	243	281	1063	73	146	1251	981	408	1167	1076	1388	566	328	867	1283	670	1032	338	560	523	1388	638	1033	212	1218	323	1429	231	572	1253	797	1234	483	296	313	8	552	718	611	682	1197	1249	1380	1252	264	519	231	1035	285	1226	992	1013	927	899	831	641	706	211	377	1315	995	776	963	796	987	304	1360	1318	386
540	1227	30	1253	1025	94	770	95	1174	699	78	1369	439	456	654	541	220	1223	1207	1413	76	492	1285	845	428	397	1180	1270	720	415	459	1356	158	1268	660	1128	1143	86	1352	889	85	553	121	793	635	43	256	550	615	430	730	409	56	1263	634	1303	786	101	145	861	414	1367	119	706	965	490	744	723	631	536	161	66	653	7	495	730	280	179	1364	5
864	872	1246	509	397	10	1299	721	748	296	268	539	1304	719	1344	1069	452	1251	1023	440	266	1227	912	979	1187	896	184	743	653	689	1093	447	1015	1241	779	1244	526	1427	373	1192	9	546	1151	1217	219	142	262	543	147	361	911	902	1092	433	637	1151	710	739	1102	1325	1272	181	351	793	774	1182	118	1332	532	697	240	437	829	940	1001	370	846	1040	119	662
1122	199	806	1415	282	259	1275	805	501	711	60	1395	729	1090	603	621	1232	782	1251	4	545	565	821	1056	487	1027	485	185	1202	1381	1008	757	1001	1275	551	541	696	486	428	1103	740	203	1099	1154	1058	288	972	454	690	1137	1270	591	1153	638	792	1344	763	1089	394	1359	140	527	538	1404	1385	287	20	366	842	1173	128	721	232	438	1114	1216	1164	1163	854	563
1053	1359	61	1192	818	760	1332	1294	1358	1167	48	528	1381	246	1403	757	808	473	266	1416	1355	496	593	1016	96	705	1417	1337	1192	83	205	1075	466	100	1153	11	1191	612	953	1093	1098	514	1086	1062	972	416	154	636	259	1230	449	3	1002	208	50	1203	11	538	546	944	1332	41	55	1242	668	253	298	93	674	709	716	125	558	177	1223	251	55	814	1395	247
682	1231	268	440	1258	459	986	781	815	322	264	712	549	1085	279	1125	1113	716	1180	204	122	466	884	874	1212	780	1083	94	92	703	626	28	1208	643	746	1281	395	1168	544	1173	731	851	960	924	46	164	1175	444	575	517	1296	1278	1108	586	725	921	59	551	256	1001	691	433	185	105	1150	991	1095	1135	371	549	1024	1027	391	424	1066	1294	500	1406	918	617
606	591	1414	1061	257	178	1003	1380	380	741	1181	1271	1392	406	873	133	459	1312	471	1373	951	624	1059	528	1142	203	296	897	1400	883	1380	113	508	46	895	751	1103	1052	193	1235	895	13	1075	1303	120	448	676	438	1140	745	764	1335	780	970	613	1389	600	1270	29	578	271	501	63	565	1086	786	19	791	896	1132	443	6	401	469	219	934	511	349	821	1100
5	893	1137	543	499	401	545	313	184	1075	1203	1278	1054	535	200	192	866	1093	588	1402	535	302	1433	922	624	1362	1401	778	1311	512	169	371	374	1326	1105	509	942	1034	1305	978	10	386	877	802	620	304	1116	1262	1129	724	327	496	991	595	641	305	1189	261	760	823	887	457	1269	1419	238	614	10	149	1317	789	1274	1056	493	1347	814	1386	122	392	482	531
577	617	1218	1269	314	960	1274	962	892	895	1225	1035	184	398	721	700	299	1191	919	1113	778	133	1202	998	235	339	579	262	883	163	467	772	927	709	265	1111	48	308	1052	426	1275	375	245	519	496	406	56	848	597	974	1080	1182	236	468	536	272	1130	1406	294	1380	165	1078	42	382	375	23	1260	1146	131	807	1193	306	1114	1300	1414	178	555	1266	127	1070
47	186	304	937	1001	375	66	595	1192	646	895	1104	750	162	892	180	1173	332	87	1430	349	180	982	619	1279	695	166	417	665	827	73	1022	698	474	99	682	784	760	962	793	99	473	1252	594	502	150	563	436	541	400	236	209	181	798	4	1270	152	945	152	1113	1085	276	1032	424	974	773	726	426	1265	693	1405	1387	1026	500	1032	1393	479	802	1112	1175
880	948	778	644	83	671	1372	535	766	1433	400	664	30	358	318	198	189	462	390	7	866	567	619	83	886	363	1264	1377	545	417	1342	548	692	772	885	589	769	847	463	203	534	1173	597	39	1180	1182	504	882	765	1012	535	862	1065	855	1028	880	1074	110	714	419	1029	1306	134	653	394	197	272	380	1135	977	1055	1245	7	399	174	1270	735	942	570	726
