killC_1.txt	killC_10.txt	killC_11.txt	killC_12.txt	killC_13.txt	killC_14.txt	killC_15.txt	killC_16.txt	killC_17.txt	killC_18.txt	killC_19.txt	killC_2.txt	killC_20.txt	killC_21.txt	killC_22.txt	killC_23.txt	killC_24.txt	killC_25.txt	killC_26.txt	killC_27.txt	killC_28.txt	killC_29.txt	killC_3.txt	killC_30.txt	killC_31.txt	killC_32.txt	killC_33.txt	killC_34.txt	killC_35.txt	killC_36.txt	killC_37.txt	killC_38.txt	killC_39.txt	killC_4.txt	killC_40.txt	killC_41.txt	killC_42.txt	killC_43.txt	killC_44.txt	killC_45.txt	killC_46.txt	killC_47.txt	killC_48.txt	killC_49.txt	killC_5.txt	killC_50.txt	killC_51.txt	killC_52.txt	killC_53.txt	killC_54.txt	killC_55.txt	killC_56.txt	killC_57.txt	killC_58.txt	killC_59.txt	killC_6.txt	killC_60.txt	killC_61.txt	killC_62.txt	killC_63.txt	killC_64.txt	killC_65.txt	killC_66.txt	killC_67.txt	killC_68.txt	killC_69.txt	killC_7.txt	killC_70.txt	killC_71.txt	killC_72.txt	killC_73.txt	killC_74.txt	killC_75.txt	killC_76.txt	killC_77.txt	killC_78.txt	killC_79.txt	killC_8.txt	killC_80.txt	killC_9.txt
734	657	254	157	585	672	1355	23	230	1166	444	456	971	324	979	631	1407	189	505	1119	905	1313	218	18	1301	1263	115	1350	654	1222	969	257	1075	1189	332	254	108	316	429	709	952	45	453	69	68	203	1012	419	503	1364	339	608	608	1400	1080	237	1116	848	1168	1420	578	1297	639	199	545	461	781	461	512	421	1415	304	483	729	578	340	816	1421	754	220
1208	1095	820	775	391	735	476	1131	63	732	247	670	1373	261	1415	507	786	1349	845	761	765	761	851	465	829	742	756	25	69	1072	838	47	154	215	1288	1009	371	868	969	920	972	744	395	1219	1233	923	997	106	211	684	224	342	370	613	232	703	304	44	1136	377	619	447	593	1284	1392	571	788	622	953	545	286	1080	927	1375	381	951	783	24	766	1329
1263	124	408	1280	1364	1006	1089	568	51	75	783	951	1313	51	58	992	1303	383	771	658	821	1083	337	232	276	466	155	1083	451	670	293	347	786	1211	37	304	1331	777	778	1240	86	616	543	1059	1188	1363	535	1364	1165	265	1119	206	742	902	1429	416	902	842	1218	1334	1262	960	339	1245	427	813	1365	141	146	741	568	480	524	567	1185	930	1369	778	648	597
472	1330	246	780	532	576	1120	968	736	958	1208	1111	524	371	955	1018	60	1205	285	132	889	725	75	211	1220	213	171	1181	26	1184	1015	607	953	716	1377	735	625	1098	663	620	1155	1151	200	201	443	723	944	336	1205	532	1110	1424	389	140	635	422	1084	130	599	168	718	417	64	111	1230	446	199	372	508	1170	1344	731	1386	1246	778	35	548	187	726	894
1034	1133	1065	952	612	51	517	503	227	24	192	843	92	1151	1019	838	577	1051	1189	208	687	1370	210	1191	119	70	240	498	56	219	545	1128	297	703	1018	67	1392	49	1022	1009	491	1318	910	1265	608	465	580	1007	303	1170	293	996	1190	29	1400	1275	1125	1250	923	838	951	1249	636	47	877	219	715	1129	1329	1125	1062	125	1301	887	354	1173	1031	960	1206	870
487	1350	1291	947	1216	610	964	954	388	826	1054	1246	964	507	1333	777	1116	53	261	1317	68	1400	700	444	662	857	1421	489	1336	206	1047	1012	1144	1157	374	343	618	879	1153	226	356	1340	1219	335	745	871	171	534	810	627	128	345	1034	1093	793	167	1306	345	841	1046	472	294	57	964	1420	354	195	1146	1386	564	431	1122	690	156	988	180	805	1365	986	509
26	675	316	993	311	1114	216	1012	1162	610	460	116	545	345	943	137	1232	855	1388	448	172	1103	446	623	1258	583	646	379	1186	1068	850	562	225	1025	1291	404	958	742	148	351	791	1035	1168	379	579	548	323	1407	922	957	776	161	143	1104	41	1380	584	1295	26	654	1253	738	286	1156	230	504	1228	1102	929	1260	784	824	1174	820	1419	1170	464	310	1367	434
888	1308	1249	1235	490	334	1156	558	1192	990	142	1101	1217	1161	578	215	588	1185	745	740	772	934	1226	414	1162	1276	1266	65	310	121	767	709	534	390	150	686	803	1179	48	1371	540	220	113	110	314	1241	949	1433	1170	298	26	424	154	668	21	1376	712	621	1344	1296	15	716	27	1207	1236	1351	561	96	48	276	728	812	803	708	463	751	1264	367	457	823
732	1115	935	1277	822	798	1107	1245	288	820	1437	440	668	969	189	956	1187	1086	981	777	1249	1368	437	64	165	955	723	1236	1354	1128	1187	560	657	282	43	1291	34	11	1354	373	73	943	1043	411	836	1367	237	827	1147	431	264	852	223	30	928	53	917	1014	858	896	290	269	256	677	346	887	1172	921	590	673	929	1016	749	1233	1088	937	617	520	464	701
702	1396	299	1100	1051	913	364	296	892	1113	71	685	43	821	1296	735	496	723	146	161	235	438	1146	363	1354	853	476	864	1414	68	981	895	1336	820	1069	65	1133	1403	1149	1401	342	913	1106	1079	696	1436	106	358	173	755	956	1412	975	150	702	251	66	719	226	292	1016	79	150	320	302	622	1387	883	1061	877	956	819	372	458	472	987	1283	1179	968	302
1024	371	1215	275	1386	804	789	1167	1211	617	349	1136	539	419	1118	835	709	295	1357	647	479	1076	518	233	333	492	1074	291	279	1035	1088	1282	464	1011	1036	1263	1397	116	964	119	536	675	881	312	1261	164	159	1096	977	525	1350	180	1196	343	779	700	323	1125	1134	997	515	387	1005	174	63	1037	662	241	611	850	434	835	226	7	640	1099	664	569	1136	977
739	1346	1410	544	1328	691	107	660	129	1185	55	473	1033	214	437	209	910	543	969	982	1167	115	461	217	515	216	34	660	1042	877	1010	1057	748	549	1411	262	1159	1004	1061	839	760	962	755	87	1147	159	688	545	363	1080	403	1189	438	888	634	1247	1109	622	807	625	168	828	138	310	904	322	632	1283	226	141	860	769	333	573	1384	832	874	507	1362	488
788	1391	766	1195	426	446	142	1254	1158	921	678	651	631	1257	555	533	979	567	548	788	240	788	1292	302	762	1304	194	89	295	840	724	1136	795	1127	1298	54	1435	34	1200	410	521	842	141	467	1316	1083	503	451	435	809	841	1230	1033	815	623	1396	363	994	1287	1251	70	973	600	86	1245	864	357	108	699	561	547	391	982	1210	533	1208	608	414	291	946
59	1030	1173	1400	1268	1361	840	656	963	1353	757	526	579	1026	1269	88	260	1109	1154	1385	1376	513	645	477	876	33	1151	1287	1137	1324	855	773	671	1051	600	985	1023	629	498	350	534	65	19	870	1386	229	1408	324	907	827	149	771	502	573	906	346	1260	652	745	1396	184	308	38	901	384	890	679	941	1313	816	1256	336	1399	724	527	1197	1396	1398	449	963
1241	253	817	1104	900	696	1362	201	358	1046	1185	628	258	294	56	910	1350	1066	599	1083	596	634	426	1373	847	1057	1023	1132	121	20	1138	540	1373	387	991	971	1406	993	487	1331	326	1146	1051	1330	574	1017	97	567	878	79	1193	154	1437	226	741	1025	684	249	303	390	943	622	1055	276	770	1119	347	487	914	620	613	746	867	771	262	834	99	275	515	1278
997	1093	359	1326	427	967	1367	1134	637	1290	1367	48	820	1150	896	1340	416	246	902	1376	1140	1385	735	440	1326	110	250	594	1340	1330	701	1030	1044	1387	388	426	940	1077	1234	687	61	1198	324	728	1227	537	312	490	339	841	886	957	846	326	17	1383	730	409	721	1034	82	177	1013	396	579	312	817	579	351	375	1101	1277	2	1103	732	690	803	316	75	1351
652	252	402	1383	149	729	443	630	532	808	1365	424	351	989	311	837	720	1327	1341	341	613	223	1120	942	175	984	178	477	16	1279	247	629	170	476	87	1428	1035	860	904	76	1362	1203	917	1043	1349	583	187	271	20	821	885	29	65	709	1225	1302	1190	390	272	622	234	1188	326	575	407	113	933	74	1247	33	988	1288	589	1167	232	441	274	1078	965	601
823	52	1325	878	328	1146	910	735	1067	859	651	898	412	321	409	158	1434	544	256	903	1043	423	290	608	300	1368	697	1203	729	202	932	1380	627	757	680	1131	201	701	1294	190	890	1020	1251	545	718	1354	795	766	1151	1362	546	386	530	639	273	136	535	289	366	1198	629	218	350	361	689	249	132	261	828	1407	480	1040	885	917	413	869	1197	1429	971	1241
773	1345	113	435	88	785	1170	1109	323	44	1239	1374	745	1129	842	714	991	1352	449	1432	1074	1052	1181	910	937	1167	474	901	418	1054	1118	1207	1065	868	975	882	1019	506	880	1278	1107	1105	86	784	1270	1291	51	1109	813	968	1271	252	392	781	578	1391	297	1435	773	499	853	1131	44	1380	491	652	1141	1073	1253	1385	560	588	479	951	909	767	854	1169	1320	309
613	680	48	326	321	147	714	156	1412	1315	709	574	927	1380	1099	1427	976	676	1260	252	309	319	388	505	39	22	59	792	958	37	719	683	1119	543	309	965	966	615	567	93	63	832	636	735	676	1400	337	82	1123	13	30	694	377	1267	953	835	1180	467	641	668	851	23	724	622	442	1437	1157	620	861	540	553	117	1244	100	784	522	22	1000	1280	91
1073	590	257	1035	565	192	95	753	1107	694	429	147	227	1025	1341	1098	172	593	460	435	595	586	111	171	1230	86	762	33	741	933	136	362	561	1161	1157	551	867	550	426	963	273	1218	266	414	345	1289	371	960	1368	648	119	194	218	1321	74	870	1237	93	425	723	880	1397	1034	1005	901	812	312	612	815	456	848	142	203	349	840	788	1254	8	200	1246
1438	1235	763	320	1032	145	1325	471	272	289	1328	61	271	680	21	43	690	1203	1001	146	812	843	1245	1319	1076	469	136	600	1131	89	484	829	832	1087	334	108	5	1407	610	618	907	1363	155	584	1078	633	823	1278	1023	587	1164	840	473	19	950	857	583	1008	1284	88	1028	259	1426	615	1342	313	1166	418	290	164	146	251	248	977	1042	839	670	613	1108	317
249	786	151	1172	1138	637	270	1401	201	966	1243	425	159	1070	372	267	805	399	1103	1136	269	422	1216	244	1209	798	225	604	1328	976	1244	845	523	1071	1006	1053	84	719	724	1179	1390	592	205	17	11	743	782	288	505	572	999	1018	140	961	774	1023	112	770	577	1017	1124	229	1065	1017	504	985	1399	349	1118	336	1117	814	1126	184	941	728	70	461	1349	1368
707	545	1437	335	456	1320	218	399	1338	276	410	737	1351	764	1062	187	587	1235	786	447	936	1338	1274	1384	1183	737	915	224	1356	144	462	185	1137	1052	10	530	289	657	343	90	572	1069	230	90	792	330	682	938	1400	1043	52	215	1057	1052	767	362	134	777	665	819	636	510	1010	1136	1290	1225	3	1196	334	562	1230	1412	25	1377	1273	1018	1063	631	1129	693
270	1137	743	818	1294	903	1388	282	1376	1255	269	297	875	994	614	407	383	1132	487	258	488	1306	59	458	364	431	707	390	286	100	1295	254	1239	940	744	1040	1196	293	726	1031	1004	1396	1247	844	735	777	1217	1195	465	729	169	750	804	1173	254	471	501	361	919	462	1247	592	415	1205	275	1352	758	275	309	1203	1387	207	202	798	685	627	715	953	564	1001
1232	335	370	1380	401	492	1334	972	76	581	303	326	241	104	1130	226	1055	1354	547	696	603	1320	1219	672	207	1270	589	891	214	363	67	717	62	306	2	1159	217	951	362	409	43	637	295	104	403	816	185	83	109	277	474	1181	685	45	161	214	320	185	1350	1405	1101	703	385	672	812	681	326	608	553	1019	1339	1019	656	1147	1008	1159	973	1056	299	1289
1415	82	198	1118	496	191	72	806	1419	243	240	1033	10	884	1186	264	1000	135	750	583	30	298	1143	795	3	703	1049	1109	340	622	941	320	622	663	1235	1348	441	1389	27	788	847	1226	1395	1237	160	762	808	355	778	1419	1335	423	942	1192	235	575	842	607	688	760	1255	1140	763	1248	898	981	1187	705	473	587	209	707	699	345	222	477	124	1052	1197	325
858	364	1365	1098	1405	1111	21	396	621	481	1373	144	738	529	446	725	1026	223	197	308	1173	1354	982	89	1242	904	388	632	349	1343	678	863	445	1016	1053	1066	429	717	490	482	1136	304	71	949	824	434	49	1171	637	498	1109	1262	521	1006	1346	1056	505	988	25	382	1232	432	1176	300	694	224	884	424	541	468	1199	471	1314	475	291	905	1240	360	206	703
1079	750	490	130	301	258	42	633	1128	357	464	81	764	1098	1085	271	86	166	899	1181	157	716	534	909	122	490	1406	1297	160	223	964	480	1379	706	165	989	485	12	653	155	3	197	98	58	989	1069	760	176	1022	1389	457	821	332	611	959	771	407	872	1360	1409	614	464	997	696	18	546	1262	1223	1211	420	1249	974	846	307	265	38	135	1378	850	844
1283	1378	1211	71	715	772	313	176	39	55	175	357	570	786	654	142	1274	696	508	866	55	439	418	210	1007	1082	1009	97	539	768	1379	178	732	1169	1172	70	776	308	839	367	782	525	116	674	1226	631	779	1229	530	1385	237	130	1115	835	693	487	1298	728	1188	813	868	183	1192	613	1020	753	1267	1	902	214	449	1035	362	1135	603	732	963	22	1009	168
482	655	554	726	579	1326	662	206	1274	1158	990	693	101	475	140	173	1087	276	833	673	446	747	985	142	1418	202	1102	10	1314	1006	1415	475	430	1098	602	64	637	1187	554	564	989	1055	692	582	1202	210	745	1012	562	32	1243	332	167	788	630	372	332	976	987	1224	871	939	5	1233	1175	996	664	48	325	44	423	267	81	603	631	97	67	1393	1043	1429
525	1122	1	884	1333	879	261	893	573	1362	859	1012	674	1420	766	907	864	1018	866	600	677	1188	606	1345	278	745	939	352	68	367	174	548	938	1187	295	1089	427	1040	377	1177	960	591	1398	28	924	1347	639	625	644	1028	44	363	1135	497	1286	843	1404	1003	596	905	883	146	806	1020	1340	538	463	834	1228	443	1034	154	164	873	1015	1016	1323	344	1041	1271
132	57	427	620	293	959	199	632	1013	1299	548	676	154	654	233	536	124	1351	1203	942	454	81	190	750	1298	506	1372	543	464	371	839	554	542	1259	231	98	944	714	983	1414	390	541	1078	1024	1331	1071	784	1411	797	342	945	1393	125	464	551	673	753	1095	521	174	319	1410	1291	1171	145	436	1350	1418	546	28	479	836	1237	273	134	573	1160	1279	136	431
344	1042	624	1150	1131	619	852	666	695	918	841	289	1312	904	1092	293	905	1115	283	500	884	545	1134	670	596	287	310	1079	832	174	1130	1011	894	740	1378	1111	410	401	1052	882	46	122	1048	928	496	744	268	392	23	979	778	619	566	214	827	1356	392	1403	808	606	1315	868	707	1234	143	430	1051	693	850	778	707	427	449	185	63	572	702	910	293	1204
295	1336	635	603	48	546	514	564	1095	677	680	1065	788	486	326	1164	521	1254	50	1183	1302	1167	538	715	735	1122	980	686	505	757	71	596	312	1028	1055	1170	583	1393	873	481	1124	841	1029	843	1099	757	887	887	517	338	837	575	653	1137	220	1216	1438	1218	40	296	299	1250	933	270	862	4	1408	199	12	1239	456	656	314	189	722	167	1253	1431	50	1056
976	1349	535	11	653	1318	1130	64	468	1404	1233	47	1356	589	157	531	1403	502	140	191	877	110	757	1392	590	841	832	1191	907	991	229	878	1181	144	223	758	101	997	1388	1411	324	301	705	845	320	184	1379	7	248	546	1059	16	1085	31	499	1270	598	1	741	733	524	632	1170	924	549	786	650	374	1271	777	999	971	1331	547	305	799	546	1225	727	536
914	227	609	134	829	661	1065	145	1019	237	1257	275	499	1258	975	900	303	1212	537	1005	137	1327	552	191	1127	512	158	1270	1225	1379	546	730	951	560	240	572	1375	3	306	956	726	37	28	1355	644	1361	455	448	1352	759	1132	209	1319	116	1045	966	827	991	96	768	1092	1363	512	1175	469	1319	56	179	219	1168	986	951	217	1227	47	827	1103	1394	1130	1302
633	495	663	1246	870	208	44	565	431	484	704	1110	902	894	22	978	460	770	514	863	451	1	139	839	413	300	1166	1148	728	599	1253	238	1154	88	1153	847	1136	41	385	311	383	578	1303	643	954	887	1325	232	1141	875	143	592	373	519	517	1069	406	497	663	140	42	626	702	231	641	624	787	11	567	1328	555	1099	1043	866	820	942	633	998	358	968
221	566	350	1420	862	1095	353	1406	1323	1148	772	372	1014	919	1378	927	554	250	961	22	1329	1084	94	1423	675	855	10	1129	1381	281	350	529	230	608	257	192	1263	1420	235	126	147	1366	435	1046	1042	682	644	1046	90	341	559	573	569	22	1099	342	969	1065	1202	98	1046	122	861	214	1364	1135	1102	118	870	631	616	544	200	98	1068	500	1212	1426	246	1248
1068	628	1372	1296	249	717	1315	1068	374	830	1224	64	1413	891	132	367	230	1016	266	1361	301	97	202	461	1400	722	40	847	807	114	859	673	582	763	321	835	71	336	609	1297	70	1039	187	603	680	137	1404	1342	529	58	123	6	662	275	541	1326	1162	573	978	490	1240	127	595	432	375	736	431	1431	13	393	531	1402	1281	1248	526	1387	868	743	527	281
165	1373	937	766	1193	1432	958	593	859	1254	906	1344	367	447	106	1315	854	944	58	382	879	914	10	1220	1205	1330	215	1381	148	486	1203	986	727	510	54	473	1438	352	1054	1047	508	127	1383	316	558	1340	581	624	664	321	933	1344	196	656	1320	343	805	724	1382	902	1276	1327	145	336	325	975	645	1259	443	756	1324	57	1288	1035	1391	102	136	1091	184	583
413	468	1091	1408	906	1382	486	789	1105	747	1411	368	1284	790	1061	1219	96	470	166	377	401	205	1204	529	691	769	956	821	784	887	16	864	886	711	180	703	898	735	692	312	1007	275	423	397	1366	1100	845	246	131	475	286	1385	1252	299	686	1197	1048	1179	1019	1040	1135	117	337	734	209	1006	282	1197	753	487	512	1300	307	447	1437	398	1428	970	1116	128
733	854	729	138	499	454	1235	734	940	252	952	704	442	218	735	1223	1119	1312	374	432	726	564	959	1173	1223	211	61	268	1279	626	457	94	498	1244	398	851	391	1432	1123	525	749	415	1350	791	1274	892	1059	183	274	909	738	1245	1048	485	1328	424	76	737	538	907	653	211	1146	1214	949	1236	583	114	938	665	856	1210	61	1217	1161	979	296	1389	479	1245
723	733	751	373	1372	1080	1429	559	1407	1150	423	71	252	650	1230	664	48	510	1281	392	796	1120	1364	432	341	1036	1398	1070	651	349	8	1284	1113	746	690	587	1433	984	1333	1170	261	1156	203	1048	1090	470	1043	764	1389	657	618	712	839	1119	537	543	1361	590	1072	912	1337	916	945	1181	589	1013	723	1162	608	1129	55	1264	670	1139	424	158	322	1222	416	840
1411	289	270	637	139	955	417	1026	1327	728	785	1402	310	1378	210	966	238	1346	1151	319	1340	1166	595	977	656	290	1109	696	897	1208	167	931	801	877	1206	214	907	1144	625	25	249	644	292	811	1154	515	818	1209	1399	856	1115	950	1216	423	367	469	1141	328	463	529	1391	955	1052	350	122	950	641	449	17	35	37	841	1085	636	990	1435	890	699	472	1134
423	1403	1382	716	237	595	1167	15	874	690	935	920	990	974	1318	553	425	1003	757	727	1219	480	487	635	465	866	41	157	966	234	324	737	198	1023	1246	812	1156	835	965	151	1161	510	1239	1325	444	1078	480	706	250	404	1085	1153	442	1145	1378	480	925	460	830	394	20	460	277	435	265	73	181	924	209	59	554	1333	1305	115	1111	1371	1106	438	1021	297
138	255	441	394	596	892	1431	846	868	992	900	1329	38	745	1117	1338	952	926	1113	539	182	1172	81	627	528	361	721	131	660	998	374	973	581	1306	1341	1192	724	1344	836	554	1135	1089	662	1280	522	389	966	13	964	252	1130	593	171	1229	657	1369	777	1168	161	1412	964	725	778	958	1219	248	1274	393	496	1275	322	851	64	833	1372	270	369	799	505	1323
1330	987	5	1207	589	574	1333	518	456	841	568	184	778	1004	496	103	843	191	276	581	76	1179	981	254	1253	594	1250	188	1224	893	624	559	1346	75	985	1100	1169	30	105	599	68	471	299	803	1104	61	354	1418	59	50	328	1111	829	789	776	669	928	894	1255	574	2	750	1155	280	1101	1294	1215	1275	390	1177	1229	404	1027	1150	1211	1005	883	881	567	1202
235	1208	485	826	318	632	1083	365	1252	969	440	1262	569	1035	325	204	1368	462	875	1433	575	18	601	696	1023	1043	92	1158	866	94	1066	421	1345	919	205	1232	679	1219	1268	185	124	289	247	84	376	51	612	637	652	465	511	1224	16	1184	542	55	1382	587	1130	459	605	549	1256	1412	1289	141	137	551	602	1308	204	519	1295	882	277	1436	654	1430	326	954
756	520	1100	298	590	719	1391	516	1223	1042	171	252	1297	1419	559	1275	971	1168	1387	1365	402	896	70	33	389	1005	860	422	1177	1144	131	1166	199	455	1328	251	530	395	655	94	289	1273	1062	362	851	716	255	146	484	1428	921	920	547	795	563	141	1038	1421	240	220	860	1052	1020	166	763	80	1411	1181	809	192	1241	1263	1069	365	708	213	311	1089	98	493
1246	150	1121	605	269	1376	372	1147	235	691	1123	121	719	1178	655	1217	1205	888	1085	804	519	12	217	1193	805	894	969	417	956	955	709	707	696	1206	992	425	798	185	393	186	267	1397	421	1098	268	1173	1134	100	836	849	229	51	1432	1386	585	905	522	236	312	959	1139	1155	810	1236	120	493	98	950	978	250	381	42	188	943	186	995	967	340	907	1207
816	1098	1072	1325	1117	588	104	127	1049	219	1406	879	555	91	1306	169	1229	439	553	900	202	622	1365	491	380	180	694	208	339	84	746	107	1338	733	34	55	314	1352	313	987	592	1133	751	1253	1045	796	265	1153	1315	414	370	1090	884	373	267	120	393	703	1432	231	759	1307	1153	318	571	1358	1253	651	728	211	805	174	968	580	1357	237	346	984	840	253
940	668	543	683	873	1045	305	1391	196	343	668	840	825	871	1268	1028	514	1339	173	318	247	815	987	886	418	563	650	363	238	79	214	1308	395	873	28	391	349	385	497	260	557	625	946	585	8	1023	70	342	1010	329	967	825	680	1124	837	34	1023	1247	1215	370	647	969	650	1190	1359	464	751	298	168	75	240	608	1015	1299	725	943	282	37	685	1091
1033	810	1224	229	603	1333	316	829	1026	625	1383	178	478	1324	1171	1255	67	477	550	117	989	801	257	1001	712	643	269	899	42	27	1376	1431	1321	770	728	898	1237	583	262	786	1382	1414	819	1230	713	1429	1434	865	751	795	1040	33	592	227	956	336	668	828	183	520	479	105	799	628	546	1058	209	270	982	88	234	1052	1337	229	743	286	1281	1273	560	193
1406	1112	654	576	174	1175	1196	1118	1253	552	579	302	1219	817	347	446	225	325	302	836	628	1043	114	1279	953	1023	282	1299	808	647	1372	468	165	1022	705	236	1086	1398	1165	1293	1182	1371	1125	1259	396	958	918	1196	1304	892	464	1318	1268	441	322	1101	1366	1066	540	745	1164	1113	106	1283	204	108	951	610	288	920	815	140	1074	546	289	1377	940	326	909	932
390	1143	880	1382	1022	374	23	1115	858	14	717	290	221	660	1422	218	801	974	933	1388	883	156	872	1355	592	262	1208	243	557	429	896	521	1081	1346	172	596	538	138	182	32	1326	968	923	100	1402	1329	716	1092	1434	376	39	648	1146	109	279	1032	220	113	1119	1402	1313	1162	1194	716	278	43	342	13	310	992	62	1425	213	1372	1045	290	92	513	57	812
547	39	398	8	342	421	897	966	1100	628	121	129	304	1371	26	708	1041	1025	715	607	1125	574	20	1008	1106	828	176	1120	779	614	1022	279	1287	478	449	1083	529	1412	915	565	1036	865	1167	1138	2	813	351	313	1129	758	871	448	353	43	66	1096	175	1336	170	999	14	709	226	749	398	1183	384	1127	703	228	399	648	104	902	18	47	661	130	1276	948
155	262	1147	486	811	267	407	1402	503	73	1304	305	34	1153	1044	119	352	1088	1264	610	591	484	397	1016	469	50	1286	871	611	563	417	1196	565	610	1345	807	40	79	842	635	611	161	1080	549	131	605	527	1310	154	707	365	902	464	1168	58	1274	266	300	820	1060	1045	247	70	922	381	303	1105	646	893	921	1265	51	1254	703	465	845	185	554	7	880
1341	1365	57	105	355	783	113	1294	1168	840	451	1128	1168	174	366	1212	1053	382	569	354	1076	155	904	431	921	1066	345	912	1296	14	1192	1427	57	63	1374	646	1242	1338	1145	1336	452	519	412	1082	773	1257	916	45	1294	540	211	1214	698	605	1089	818	1311	1342	676	893	646	675	1332	927	669	5	148	1235	518	912	314	1119	1136	119	1078	1350	205	249	983	475
1204	242	1327	77	881	1032	509	838	1331	848	559	378	749	237	524	1126	632	746	1018	944	795	395	674	389	424	1020	1317	1225	948	1203	410	285	1014	15	160	1154	911	655	621	2	76	623	559	919	1215	301	630	773	473	690	441	1022	1278	1200	362	695	1261	1047	842	980	13	734	174	638	1217	86	1211	1218	150	293	348	538	360	182	599	720	64	1024	1342	1296
1020	1067	791	169	918	685	1376	235	305	854	820	1291	1239	728	249	184	851	1044	360	510	842	202	476	1105	1189	1051	942	66	224	112	1170	1285	419	1031	702	873	379	204	1134	1418	1231	661	1000	1222	217	311	559	492	1395	1276	1028	159	887	483	157	121	1304	1046	450	922	461	807	152	467	107	1407	1314	188	537	243	1292	1007	159	860	1021	1354	349	825	334	978
254	274	675	1128	1174	932	1093	1153	1152	1135	718	784	807	696	770	159	1384	956	1044	805	1379	984	516	595	1001	1428	862	1117	309	87	1103	490	595	524	400	1167	1411	695	1196	1105	178	82	648	334	1135	926	115	906	1060	1421	402	783	1369	1226	1047	41	1409	801	400	325	275	68	963	11	308	915	730	1228	75	1067	889	212	631	309	758	1009	1399	1284	9	784
774	382	138	374	323	1296	597	711	1112	1409	502	780	794	877	69	471	1410	156	1335	1375	15	773	1262	245	680	856	931	473	762	630	737	1033	1007	174	1204	548	754	693	8	1015	605	814	95	1252	510	1398	995	586	1217	1109	372	1120	503	1279	1123	1187	247	363	1291	1147	296	454	696	195	254	37	1090	808	274	84	363	985	869	989	380	1133	105	173	440	422
563	180	1298	852	1108	1087	469	493	1083	82	74	618	1306	533	487	1389	825	713	820	925	1015	50	772	806	979	382	45	160	610	585	263	1352	277	909	712	788	891	1252	12	1299	1060	234	1054	1235	1347	223	304	853	1405	46	764	1041	1121	1141	222	1228	1199	440	462	644	1153	456	910	965	756	289	429	1170	1428	242	132	422	1229	66	1070	747	1048	812	601	430
1433	1162	1251	493	1391	1137	670	907	1396	1094	1301	90	760	853	923	1329	707	1421	46	1304	75	90	1045	474	1299	1135	561	1046	107	547	756	121	93	22	97	1357	483	322	521	991	607	146	1059	960	231	725	98	1089	1407	646	815	347	261	1284	407	359	984	889	175	808	1367	904	926	930	356	1176	1263	1349	1173	473	1182	641	282	364	340	2	681	1011	837	791
641	1397	1144	280	54	475	499	610	293	1352	156	484	407	107	1219	414	1312	449	1185	1389	96	857	944	951	880	400	26	319	179	767	1016	755	1421	59	1326	738	1245	291	1394	1083	717	145	263	387	359	208	497	1034	297	1240	966	952	1293	533	889	1330	1257	254	27	749	655	818	128	1241	633	1020	847	462	432	57	1402	1368	1287	756	76	521	760	1036	675	1008
398	110	882	1053	788	500	1233	293	987	1007	863	849	793	279	674	1058	1290	210	437	144	635	539	478	118	653	655	113	701	1204	818	166	327	308	648	1370	608	1020	229	1249	1205	254	473	1024	775	1377	966	923	547	1361	207	251	539	1341	854	470	290	356	1383	192	1393	1396	628	1068	850	449	132	1152	36	1335	448	940	969	334	1270	1055	174	660	1176	1172	436
311	568	1371	260	1211	695	981	543	953	655	968	1316	1265	151	1193	64	1248	532	900	262	512	1012	1048	1091	232	688	615	267	1244	1393	574	149	1254	734	1318	1229	894	789	754	704	1213	117	11	226	344	1213	696	908	240	1008	1295	907	596	60	1111	1337	109	301	1008	439	1085	1016	562	781	1168	1269	1318	39	251	183	524	577	1260	1108	568	380	721	437	290	14
1261	763	1029	754	73	851	646	302	368	161	91	807	136	155	252	1230	866	773	730	250	1334	1021	305	430	992	664	56	815	374	1213	1093	1261	522	521	1088	1287	1068	137	890	998	1178	819	1011	305	1283	442	1392	1190	847	412	13	1057	1355	284	932	1343	131	1400	1303	1231	328	1408	222	289	739	27	816	819	932	729	315	615	220	209	115	675	498	999	46	212
736	1176	697	929	291	1040	1088	10	106	227	290	687	1319	264	466	1438	935	1120	362	729	204	329	1426	396	97	1429	1356	1105	1145	1095	1308	594	656	196	643	664	664	792	664	808	602	1100	699	566	264	1239	1248	359	395	110	1125	574	1184	138	1165	999	1331	812	1410	1143	120	562	1067	1420	1261	482	65	213	684	353	594	441	1345	684	728	565	990	200	1163	209
14	777	192	821	186	602	640	1246	899	56	893	454	1151	975	419	326	619	126	228	555	778	525	287	803	783	751	288	1008	553	735	1186	693	1186	302	1060	782	448	269	418	779	197	372	1371	1277	189	1107	301	399	683	521	882	665	69	1377	1143	1336	327	181	683	1254	79	272	1197	995	1068	161	1367	315	1142	609	1287	386	667	655	516	74	578	224	249	820
715	629	600	459	723	561	974	1191	1391	503	496	1352	754	997	152	1270	889	814	546	84	461	1420	475	554	1372	1158	790	1352	510	835	1313	477	723	1292	1301	1359	81	1258	708	189	1217	475	1356	1420	1106	820	479	1067	1182	1320	1118	281	1087	1299	790	1139	520	495	1183	410	1132	625	1326	1408	99	543	1376	463	1222	1195	1367	505	1215	1316	233	1413	93	1437	1011	393
746	530	179	634	396	121	1128	187	1340	684	1191	555	577	644	80	989	768	1310	458	527	766	323	971	949	1318	599	856	62	1016	1007	159	1273	566	855	116	71	404	894	277	1269	74	26	1130	968	1229	916	603	279	159	237	28	44	57	71	1247	315	216	1396	198	780	175	50	289	338	277	1142	931	1003	852	1104	1348	1299	1054	1019	1139	1026	901	1173	639	251
700	1165	821	794	1271	137	828	211	601	744	1394	1022	965	243	49	359	1376	861	438	1234	1325	1384	576	344	731	1150	1204	289	352	1145	449	784	1259	730	1236	613	950	325	709	327	668	108	562	967	1128	660	833	1192	620	1125	1405	1058	366	219	1153	541	540	1408	160	613	25	1254	24	177	396	1091	488	1382	444	1120	1061	1416	705	640	387	1204	1433	398	443	274
230	857	493	602	380	295	98	204	1043	324	1081	921	784	472	246	134	592	139	87	672	954	1116	132	852	1264	1119	318	1323	826	105	1303	423	1406	496	919	892	240	209	1422	725	1005	762	1404	813	1056	1088	620	990	241	733	1381	861	682	430	887	926	235	1389	390	1227	935	311	1169	470	244	1248	842	713	1099	298	880	75	769	1400	389	795	374	252	109	575
432	929	19	3	390	1381	790	1353	1145	1276	1209	1040	1032	979	200	600	572	87	637	746	218	717	1432	726	535	1080	359	91	612	1115	356	729	1413	350	312	718	692	499	223	985	1043	75	748	501	979	418	55	731	748	1285	932	1008	1241	1213	231	893	545	1411	440	873	1003	595	538	1426	201	431	911	200	469	6	1192	377	478	1406	1312	830	60	827	1361	285
404	64	1299	846	1205	369	1126	719	746	428	1333	153	1042	401	645	544	602	1344	1031	314	573	8	729	7	722	139	1416	601	335	252	409	43	760	1280	335	1226	1076	1157	77	917	1394	516	989	575	983	134	1318	1415	1143	494	769	644	115	1112	618	648	675	70	849	976	1384	1034	826	1081	6	445	108	809	1277	285	1262	80	235	666	534	1291	166	1016	1352	1060
94	140	140	225	1352	721	549	395	787	670	599	656	100	897	1314	996	518	1062	571	1016	544	419	203	128	971	106	777	763	587	849	1326	283	1209	1044	242	543	941	70	352	174	1030	800	227	799	1277	39	946	1214	758	238	696	814	1364	340	435	302	1042	1309	709	796	926	357	412	1271	450	380	215	902	1027	715	239	886	1196	46	43	1033	784	1313	1395	537
484	890	494	1134	959	885	73	135	155	404	1140	874	145	1342	1326	1380	13	403	305	869	797	978	558	1416	182	847	600	161	568	26	1421	1172	1093	375	259	539	861	16	1053	847	1335	95	941	977	637	324	1264	11	714	687	904	971	989	229	320	521	990	400	1101	942	1160	590	225	793	914	754	308	994	1235	971	168	82	1018	1343	1039	370	1002	548	204	1105
612	953	1345	1081	528	144	1160	157	171	725	917	658	123	965	1139	1406	464	450	76	1296	863	424	151	303	446	1314	503	215	304	1105	943	364	1430	1144	1032	92	230	1175	718	363	658	1001	316	273	115	83	448	1163	830	843	1195	1170	1436	383	1291	180	21	860	785	1139	977	752	771	1011	155	1260	688	1190	896	198	428	652	537	1068	173	1220	725	938	301	1120
1303	359	456	1270	815	1020	173	486	28	679	966	391	686	685	1136	1017	810	71	978	753	1258	354	609	820	820	714	841	610	1257	498	1046	342	541	1390	1210	168	1175	1137	1143	1068	1291	1050	33	689	162	40	1131	776	1351	205	655	438	791	294	854	1021	1085	451	1260	359	1202	226	1395	1425	676	905	527	1053	383	469	1220	684	152	962	867	488	367	1342	913	1086
287	682	1378	514	333	176	889	1136	836	1366	153	598	1023	819	139	1122	193	1197	881	1338	602	147	370	1044	1203	1361	554	1077	713	750	731	1267	1152	1317	825	155	110	1152	204	127	1162	1281	1234	1373	49	248	882	15	495	726	576	884	386	1326	109	407	307	545	369	640	99	572	356	1007	1331	877	612	923	86	507	661	1392	50	1085	430	1059	622	1328	455	552
283	361	1070	834	951	956	861	703	141	1234	1286	441	65	272	1106	164	570	1075	937	43	1181	663	1064	865	516	1026	1293	540	1369	549	886	438	558	207	1056	419	1333	91	792	799	1392	951	682	1218	567	177	994	807	186	651	1240	507	195	1210	376	3	72	145	5	697	85	835	403	1432	1307	1433	1132	777	1069	1142	297	1023	194	763	1221	1373	806	886	417	454
515	346	1060	92	685	1123	298	548	1213	1403	1223	162	808	1147	786	517	370	797	1274	1069	328	904	165	1259	391	1401	1179	442	559	771	59	576	662	649	1230	739	1342	141	510	1094	518	79	171	341	922	1027	456	686	145	165	453	1422	272	1415	261	618	596	1318	722	1091	576	1087	1036	1183	170	919	115	361	1333	236	537	415	764	576	581	214	327	1156	697	478
30	1254	928	610	1255	1386	975	70	935	970	1426	293	883	369	1060	883	28	985	1420	1294	556	22	321	97	854	1404	738	1035	17	135	1106	30	841	995	1007	717	1356	557	571	353	721	173	355	714	591	380	536	410	862	382	670	801	1056	195	1204	456	317	198	624	346	950	409	144	44	1429	91	472	1038	775	524	1321	138	1189	862	949	756	756	508	833	581
509	623	1219	1316	35	765	442	400	1265	391	123	523	462	287	683	462	43	423	456	513	233	190	837	372	794	388	46	30	44	282	1404	1016	1341	1304	607	895	500	1333	557	357	1318	833	1426	917	1313	1036	672	684	953	1436	825	330	1295	359	1226	1320	839	911	90	671	289	121	14	768	893	672	391	534	466	1212	1210	318	54	123	315	708	321	845	1419	758
1118	1423	98	1141	629	1347	1411	1178	1239	762	632	604	296	934	569	904	594	404	178	424	1354	477	428	590	1139	464	601	1433	921	430	1104	1329	839	1286	504	894	95	404	1337	609	251	811	1250	300	887	1251	496	909	1105	1274	550	211	445	443	1127	1110	96	591	286	524	1138	1012	1279	565	561	777	1041	244	993	282	1318	705	1125	1278	1174	428	572	600	1332	585
1133	418	1162	480	785	792	1023	809	888	748	1087	1158	731	551	1102	385	452	596	85	1263	1278	832	792	821	1351	375	457	1154	1413	478	1385	564	909	1093	1375	1039	303	384	667	255	870	1169	50	867	294	1255	774	274	347	362	179	110	961	414	1155	931	1200	1187	479	397	1360	564	750	1235	903	1102	84	265	1341	1393	180	416	1182	111	1063	1320	27	1002	542	855
1361	1125	1272	1295	604	244	40	941	688	244	1037	1224	1346	950	259	1334	1273	188	1110	544	793	1107	104	719	316	1322	507	1383	975	417	304	533	753	1182	1334	660	191	117	898	96	680	1251	721	1369	470	368	987	157	334	257	1091	1180	903	1120	1201	1043	973	190	802	1423	338	765	1375	1117	550	780	996	1272	379	511	1187	891	435	691	1395	1126	668	322	279	845
348	1071	372	381	1210	1388	657	413	876	242	880	1325	801	968	228	1003	644	177	907	1188	280	659	1430	1139	127	1060	137	1415	346	73	78	15	641	787	202	1064	246	1171	892	168	443	141	1276	473	1211	1218	1252	1175	1062	244	393	829	847	476	1319	796	946	742	928	1215	1057	1315	71	1336	849	428	1406	654	434	252	492	813	386	1422	969	91	900	134	1348	1092
170	1389	363	1026	203	1289	608	989	214	1288	339	851	1417	332	894	1353	321	10	1293	811	968	743	1033	693	901	293	456	1438	1079	973	1285	249	1016	71	704	519	1259	929	996	910	1289	179	1105	1134	254	595	1167	813	1279	605	678	822	92	831	969	1087	241	49	316	898	303	179	951	1261	1100	187	254	636	454	213	1128	255	356	963	539	103	817	747	945	1370
696	528	338	13	223	262	775	1312	84	1338	1292	1193	22	128	783	441	32	366	905	974	1195	1063	879	328	91	663	553	778	203	1319	1212	949	1098	1040	487	550	355	659	25	1109	215	219	963	958	1093	446	521	1334	686	400	241	577	753	130	379	636	955	710	690	1315	1241	94	46	1323	393	440	1234	1387	371	857	1056	333	984	712	635	599	763	888	1049	1274
1172	1216	94	55	505	794	58	1274	266	1359	1157	224	646	911	1377	797	1054	602	1401	994	1257	535	1140	9	1319	953	1314	1296	324	1391	686	1034	1139	317	532	772	179	1146	241	572	330	775	1430	267	536	1294	482	793	616	735	621	321	331	76	1077	1086	158	154	1409	79	946	813	1046	1345	854	1372	1169	1212	1143	520	1085	555	732	166	1031	969	747	192	1123	340
559	1194	1155	162	87	1324	534	689	765	254	987	568	128	792	412	728	1117	982	1102	760	1164	1390	631	161	1144	246	267	649	156	247	141	331	1267	895	948	671	520	283	1378	379	1139	1411	1283	461	920	163	79	1259	850	195	20	172	450	699	760	135	261	76	1067	616	792	651	1059	999	1220	171	559	1360	950	1105	1362	922	1375	664	928	1235	944	1297	674	359
868	144	772	1349	1379	1026	330	791	490	1040	965	878	47	1298	417	213	938	828	710	1217	1331	658	1019	1088	1145	1012	1040	1370	716	530	832	1023	719	103	1351	274	443	501	291	458	1168	1386	240	558	1081	2	583	619	390	1190	1134	1085	145	20	1134	460	914	261	508	998	74	1077	1348	800	126	67	220	1323	609	845	737	375	535	1060	226	133	470	1241	1196	265
387	496	936	1281	374	631	977	580	1028	1348	173	1031	165	1412	983	599	1307	1093	1279	1211	1232	271	1128	1288	951	367	671	253	24	146	1223	205	1022	590	434	598	221	1280	257	551	692	379	1434	1115	821	745	143	575	693	44	912	23	1041	1033	1074	1054	1247	1103	367	555	343	411	1394	1365	345	1419	1143	345	1165	109	1114	490	222	1259	438	1348	1011	1348	681	661
1153	1385	1430	422	704	5	1275	360	1064	1240	1403	747	329	458	124	1221	1381	500	1076	611	1201	798	415	883	330	931	209	1138	674	1017	974	786	1006	606	1131	1326	389	425	998	123	995	515	926	712	601	794	397	937	256	567	501	1410	849	1334	756	176	772	695	580	742	385	608	598	624	787	203	418	1432	915	1290	76	521	8	95	448	904	401	876	1431	972
1042	106	17	599	884	296	1407	1152	566	1156	401	419	878	547	271	576	198	934	72	976	1235	1355	376	114	728	1315	224	287	1127	1259	1365	1298	737	854	427	799	1304	1218	650	1070	1187	462	1173	277	965	808	1160	46	195	153	148	647	201	1044	1276	169	347	557	405	1325	1067	393	682	1332	626	160	385	893	507	817	633	1028	1139	522	680	1171	1068	519	1375	1253
885	271	732	203	1142	139	738	1099	872	65	1277	11	184	517	439	1305	1100	275	1363	801	1316	460	936	980	557	521	1124	72	1049	729	79	3	404	422	1311	276	419	1254	394	130	1328	450	787	1313	413	837	209	1111	840	1068	445	500	526	185	617	1190	1105	980	409	1358	1025	6	744	100	1016	471	904	555	11	350	6	1140	1063	443	529	73	917	474	56	684
80	442	614	1315	147	1085	69	953	200	1357	991	556	1330	714	416	938	168	1234	1399	941	84	1010	1020	59	813	511	1021	858	1254	103	994	378	863	256	1211	131	1232	961	559	1311	579	1068	15	202	506	1189	1029	1021	654	531	909	199	360	933	316	994	936	1033	154	250	1230	964	218	675	623	1234	81	1167	1031	880	623	1000	405	1350	396	744	481	162	176	863
947	522	379	155	127	1400	571	1364	789	608	1166	141	537	82	266	1024	365	228	66	664	669	911	1349	1324	661	1414	1152	939	176	91	1025	419	78	1243	385	643	1351	547	588	1417	609	100	72	185	554	742	1313	418	601	641	763	1132	1106	78	1363	597	162	1418	1100	549	772	1434	282	935	1038	81	128	1354	818	717	276	313	1154	1384	689	145	197	225	690	1135
649	1037	982	1078	27	1193	586	1313	1394	224	905	765	179	753	991	1023	415	1067	587	1066	43	1094	401	603	1161	1165	480	301	1055	1261	240	567	68	185	265	802	1420	503	1290	1302	1344	1293	851	1051	1181	461	528	502	1420	908	750	443	544	574	848	499	31	1232	963	1275	710	1105	543	954	487	167	1005	1114	848	1178	791	562	98	165	42	726	1345	966	1371	1184
553	1401	807	47	131	1305	1381	1413	620	1295	1288	734	1002	961	960	163	493	1293	783	90	7	382	1075	1320	850	612	1336	586	854	313	1024	542	546	559	35	413	326	822	1353	270	742	1286	1073	1261	175	1395	72	1385	327	447	1400	489	376	731	323	1406	841	1092	1256	667	437	327	1230	24	973	640	138	1328	1345	154	1216	469	394	324	328	179	1196	98	355	722
1148	207	1077	1045	520	264	1308	1392	853	1334	325	416	93	1235	1158	548	1167	173	919	781	427	1318	1189	401	870	1378	945	312	847	1204	699	1316	683	981	1150	19	1260	653	1080	1020	866	1337	1199	698	440	1093	498	261	1321	716	1107	811	252	162	1405	168	1274	880	1057	1007	284	1142	1102	107	1355	808	243	91	200	502	70	209	63	919	697	287	156	627	1189	876
1254	919	183	1394	1021	457	161	1267	1104	1055	33	531	1274	53	199	1114	420	464	885	122	56	1109	919	1398	161	508	402	1394	1169	25	1294	1072	319	233	40	1405	1001	47	918	299	709	1271	358	1074	135	89	1143	387	1130	1435	1329	410	1349	883	50	822	101	411	339	1103	781	1403	1079	8	710	818	46	1409	487	233	230	696	378	1298	1047	672	172	1267	744	192
639	864	1176	167	622	984	888	179	284	1069	331	480	1235	1116	357	495	595	428	1210	1430	1247	1128	1088	708	375	849	1011	529	493	1102	871	1211	468	48	1347	1377	1067	286	877	967	1150	1253	669	37	1065	1319	653	129	204	1314	553	943	1305	1412	306	755	1071	84	764	966	1224	1259	115	249	1224	1043	1221	1225	41	1414	9	128	246	778	207	1316	530	317	1279	305
1220	473	1080	141	1184	761	1263	686	219	988	1438	1254	1093	698	764	866	299	1308	123	358	1421	760	456	1032	1269	445	926	614	1197	1225	387	692	548	133	79	25	610	881	1069	97	27	1236	913	1279	1001	1351	1162	101	1284	202	456	267	954	149	264	849	1100	800	903	1233	556	617	1411	1340	420	1403	476	737	1166	1247	1253	65	245	1028	1267	280	761	687	896	1200
860	741	503	1422	789	790	242	1228	1334	674	1425	269	544	263	294	358	95	370	451	92	431	276	276	323	409	1177	217	1196	452	886	394	479	530	613	1423	301	1337	278	1101	688	575	883	304	173	991	539	787	1328	1110	1182	713	151	773	646	1236	760	1226	450	813	1343	425	687	1403	828	783	978	1284	782	977	1390	1269	282	785	1180	1261	665	590	769	432	1009
710	944	782	20	379	329	156	193	496	308	1235	1168	1150	676	418	917	758	499	51	1292	799	1408	844	928	961	971	659	558	480	1423	373	226	789	1004	542	1398	517	118	747	1119	733	1153	1016	434	1122	1002	1436	4	1330	877	1219	1211	255	1062	124	1082	1401	1290	414	1119	126	1400	550	48	262	1331	194	18	297	544	640	104	633	1124	652	1364	1	503	1318	951
167	136	1266	1034	865	340	165	129	46	540	1260	858	489	1032	508	985	422	582	834	1427	911	1410	1205	683	1039	339	1004	86	96	160	658	344	409	29	490	284	1147	1021	802	1286	1425	956	1358	1178	873	1046	866	30	450	104	411	738	668	934	1152	463	1416	418	509	360	530	1128	509	1094	112	136	49	984	1398	936	975	994	848	1225	106	512	556	1258	362	1219
32	640	536	552	702	639	157	1091	556	370	185	938	755	1045	1401	67	927	1017	1063	709	174	598	57	1438	10	136	879	937	1304	862	697	385	1331	416	1041	81	56	339	1256	1290	1015	821	1375	477	888	300	416	1421	1286	182	1062	816	1331	941	127	1402	800	1245	1234	840	90	531	642	840	696	1177	52	1085	933	1333	1170	373	597	1351	1013	1214	736	1376	949	1046
1088	247	70	842	11	1202	970	1394	1126	168	608	937	51	42	274	1134	1186	66	250	861	574	558	1001	662	1019	360	1168	198	634	426	684	383	1426	750	1024	704	1203	559	1397	1008	69	1356	1352	1296	1184	1386	948	779	1058	896	1428	139	119	1047	660	1388	546	1222	769	342	1170	903	22	76	1424	532	1045	1247	223	458	290	1033	1010	560	600	976	294	880	1054	399
1345	683	1106	1116	1203	1179	421	775	1092	619	547	1401	896	1386	1036	774	655	413	1146	405	993	1165	1268	1158	615	333	1201	125	197	1407	52	1051	20	55	1409	905	650	890	276	1139	771	241	939	874	538	175	839	537	608	784	878	1113	1047	1280	90	1176	521	294	1422	255	465	524	908	130	1009	551	1224	786	941	1030	676	883	1090	1111	1411	1277	491	727	963	354
49	238	232	277	1072	65	94	419	1242	164	347	1225	805	1143	1065	314	1050	145	932	414	1158	1222	1322	1346	457	142	57	478	894	1123	844	1090	1135	576	351	806	893	1365	607	3	1188	112	762	455	1281	1247	902	623	1033	866	6	1192	1433	750	13	1001	1412	914	156	550	191	424	311	302	722	1109	1281	722	630	616	2	896	352	714	595	508	723	543	892	67
539	1225	214	917	191	1023	424	556	164	715	634	1061	566	881	494	1224	716	1068	1287	736	858	923	361	27	498	1076	894	121	734	627	1347	337	188	508	1227	466	1314	776	233	900	878	1032	1166	330	1125	353	998	172	646	1095	1323	643	72	277	68	1027	136	147	1379	187	1043	719	180	1014	705	1310	736	256	665	49	22	1213	53	1403	298	1123	41	884	977	909
1194	872	378	133	363	1178	99	965	757	1289	143	760	986	613	656	1124	65	55	734	916	952	602	951	340	512	1149	49	170	1258	490	553	319	626	1285	154	307	435	931	60	421	1020	1413	925	1243	804	158	1281	736	523	1156	268	670	1195	785	754	853	620	1332	47	311	327	1276	787	719	295	1329	558	296	956	664	231	732	411	972	834	871	279	1038	424	1435
164	704	1217	74	522	356	83	1329	1054	705	124	698	458	1012	1397	984	196	1170	683	129	143	1353	866	1021	759	677	565	952	927	665	11	89	487	1288	1201	1411	112	563	1089	774	716	1061	371	1117	1323	1097	1435	883	99	831	949	684	1140	997	405	331	752	5	472	270	1065	567	733	1159	386	760	669	386	243	1433	575	102	974	42	540	368	1361	1243	806	724
1351	1079	1076	525	728	355	1290	964	492	1002	926	690	554	1347	399	1289	343	213	906	251	824	626	1115	1257	881	236	901	1198	939	848	638	1232	1162	811	787	741	564	1194	870	403	485	266	892	1088	1206	657	614	971	121	198	955	1040	337	179	922	916	1333	1164	567	493	600	281	942	178	154	96	731	464	32	748	50	590	882	382	553	1382	851	1110	843	171
220	1433	103	414	1392	1301	1379	226	1336	459	416	715	656	645	424	121	63	1437	719	935	1220	11	197	536	696	231	911	248	498	366	528	381	269	1099	1077	695	775	746	494	523	1179	291	1084	730	190	1176	859	714	508	384	829	700	1212	860	450	532	898	817	473	1092	968	601	798	1118	1352	1379	178	561	964	1274	1123	347	5	1183	192	1002	801	1027	839	1034
847	900	495	453	387	1072	783	186	625	594	1428	498	49	438	425	284	307	1247	334	1401	838	371	1233	1327	1238	1268	202	641	1114	1152	962	56	366	1037	757	432	544	214	392	156	1206	565	269	1023	1286	59	703	1154	1288	388	1080	13	265	1106	1087	455	1370	555	453	792	1055	125	497	1172	1166	1304	66	1166	1077	479	1044	1360	1149	1037	111	630	140	1088	292	124
771	1010	700	725	182	461	259	934	832	950	263	1219	1192	1272	1290	1077	1139	840	427	855	292	142	804	1189	427	307	141	1004	883	254	674	186	267	755	314	1395	645	1410	1282	480	1278	1415	904	65	615	1418	1390	431	533	616	1260	584	91	1328	998	578	998	659	623	422	396	560	619	221	668	531	1173	668	468	671	1009	1355	870	235	720	272	373	1395	982	749
804	374	1270	994	901	754	988	738	396	1129	813	595	1121	285	921	1108	1014	212	132	98	146	886	688	974	221	1367	950	70	936	1198	579	1234	880	699	972	1352	998	420	437	842	90	1382	340	1229	1268	160	271	701	966	1368	72	1302	1290	601	560	654	871	1143	1041	927	594	739	158	75	1247	607	216	79	873	19	937	1193	686	653	1280	1241	12	1050	1370	1133
201	1315	284	995	1057	403	950	967	778	1045	1183	169	343	167	710	647	345	247	1311	766	1047	771	1305	936	665	1164	188	1316	78	691	1140	441	736	1240	1101	990	1235	1051	417	571	880	1296	731	489	1137	54	149	1277	624	334	1416	397	931	12	75	661	924	1086	868	102	716	1119	944	602	499	799	948	1033	1181	796	67	927	795	851	443	791	509	645	74	860
1150	1245	1243	960	244	1139	773	504	1149	230	982	1057	748	1165	1111	448	125	1036	107	504	275	584	49	524	216	611	898	1393	381	350	492	1020	1164	553	16	1250	1405	784	1324	358	199	1298	812	1149	143	350	637	689	1417	368	1230	704	1183	321	1373	734	651	97	249	695	830	431	136	1176	680	643	834	932	958	10	548	477	1232	10	1247	1093	88	263	1214	93
4	363	234	403	1012	1278	740	239	491	823	899	1055	1061	1254	729	687	582	81	337	499	960	657	427	919	771	658	83	752	419	970	230	953	1301	445	347	291	491	1093	959	1427	555	59	566	476	688	413	418	633	1126	365	165	767	1417	113	673	1261	454	1213	1270	1028	514	421	959	283	1324	1082	584	1054	871	229	198	1072	976	1223	386	432	445	500	377	810
526	1244	1203	1350	481	424	1174	57	1055	450	1420	234	588	1331	1334	383	1023	1192	289	923	262	666	683	861	1381	439	144	1389	1009	722	1403	411	1055	506	656	1324	668	1138	1255	1383	159	487	1248	475	248	410	1028	1001	627	1239	567	1038	104	634	146	910	379	1255	1201	1089	766	574	1223	1259	296	879	1026	209	660	941	775	993	872	448	245	1141	1218	1367	984	751
85	1269	85	938	989	1170	932	779	1025	386	741	1052	1406	527	1017	781	414	9	142	627	1079	157	911	1107	1181	537	718	1422	282	744	116	702	499	1166	1382	389	841	909	185	760	882	768	899	1199	213	482	712	1039	1341	309	791	922	694	1149	1147	1305	1291	1399	73	787	700	403	995	741	764	1282	156	379	119	408	1337	617	717	138	1362	750	1378	203	188	1130
1052	47	273	753	1417	934	576	489	716	616	1246	1095	189	1233	159	881	1375	606	1041	695	668	1407	275	1169	277	1359	38	1334	1013	573	1218	1035	706	360	675	121	515	1192	1097	830	16	929	1337	463	812	1277	1230	1391	788	1163	918	748	916	664	403	1263	1342	1353	989	807	1408	718	377	747	1012	772	2	49	138	1386	905	1071	126	33	940	24	1018	798	314	404
271	627	269	873	116	1417	734	1000	774	352	1040	1333	1043	146	323	668	614	1415	1009	529	606	221	1008	510	760	452	908	500	361	979	708	1194	231	1216	377	1108	601	1434	1241	19	918	1259	332	1294	411	72	813	1080	586	461	7	790	1103	92	311	643	1139	763	486	331	435	1317	850	1220	993	990	994	456	1299	918	756	1063	454	780	868	785	33	952	992	74
1275	65	506	219	438	466	1209	860	526	446	149	988	601	17	77	35	1211	1015	1347	669	920	744	266	319	584	131	1173	27	1062	1417	1301	1264	998	959	383	937	194	799	714	615	743	388	321	506	185	1072	1095	1254	49	638	646	323	658	436	1051	571	884	152	336	1436	16	28	1128	759	73	210	1233	630	681	1100	1296	1022	1335	537	276	198	31	979	222	534
41	1380	1066	1258	904	777	50	929	512	327	96	307	1103	700	338	648	832	493	1217	821	278	1139	703	1153	1033	861	69	609	342	967	785	1394	1157	299	957	531	1270	599	1068	245	1233	770	135	930	1299	879	1383	416	30	1147	167	975	813	1098	730	117	718	755	1398	1088	1421	551	954	1264	578	93	1154	1109	1403	597	1194	644	943	396	1064	1330	802	958	107	289
1400	1099	331	1117	64	1295	764	635	357	383	414	675	106	569	682	188	584	900	1215	244	888	267	1018	844	873	1382	283	392	377	919	991	222	642	653	754	657	1228	350	375	511	1128	348	1368	886	1028	1171	1426	440	1258	441	71	603	1052	1437	1301	751	959	1166	762	948	1390	696	1160	631	1065	341	1398	453	1356	288	1057	713	865	1428	1237	867	1299	261	395	1137
768	808	181	84	1375	1357	1021	1222	85	358	886	405	289	134	1361	150	1294	432	799	563	1265	1281	1080	759	906	720	1068	536	759	650	97	913	91	744	169	76	469	825	16	1306	1063	863	844	242	525	296	133	579	368	1071	201	490	174	444	1135	583	141	34	4	151	849	273	1269	650	902	929	609	825	1343	868	858	586	760	721	41	475	473	306	1092	976
886	366	971	371	1143	583	1409	903	824	218	289	881	638	309	860	953	1202	174	92	167	359	75	495	488	513	986	663	709	769	1127	126	749	492	277	718	899	727	35	303	1030	1066	1177	519	393	127	1177	622	792	968	401	198	1388	631	13	979	335	402	344	1156	107	866	517	880	67	1152	769	339	846	853	419	1068	1319	1082	906	806	1281	510	295	340	646
1354	322	196	146	332	582	1338	1018	770	1308	870	114	680	133	1155	1149	87	1163	987	425	353	1001	485	1249	1226	864	1017	330	508	1368	1333	818	531	692	852	347	1298	434	711	723	773	1394	1405	155	1412	928	1224	1234	1104	768	422	19	295	667	160	83	1063	1248	1018	1371	1106	812	310	883	360	95	638	1139	182	1339	74	768	892	1418	102	462	514	720	1402	1372
840	1183	274	651	197	551	1354	766	842	1085	1268	212	969	608	190	470	1396	132	1093	221	232	986	1280	601	1295	1083	745	973	93	1122	189	1246	1142	94	1242	104	470	832	783	569	800	55	148	433	1241	569	634	62	81	678	903	695	1323	1253	1379	656	9	840	468	1271	1216	779	410	384	94	1198	1436	363	1330	464	944	1285	672	56	1062	1105	887	1181	364	87
176	1188	1260	752	1213	1267	1137	467	711	1372	214	900	164	1109	1183	1215	1118	302	418	1000	983	435	1015	467	337	396	143	85	925	1031	794	642	1205	843	443	1059	747	796	124	946	260	1052	370	1231	1180	1112	676	582	527	970	1284	697	1145	163	1209	249	1088	1151	143	1373	1149	533	1250	1048	889	711	1217	589	1008	799	73	901	1175	1145	150	717	1051	236	41	890
890	1266	529	307	384	91	1232	387	826	94	1303	846	177	1001	17	896	189	604	201	1339	941	121	780	1302	1427	241	32	1273	1115	57	84	1198	746	209	518	292	189	210	452	1203	445	418	823	732	1069	1024	1285	966	999	340	1224	1059	390	81	650	21	1281	1074	247	557	101	747	274	1069	379	1104	1401	237	195	289	137	1133	802	1041	38	383	1182	803	83	795
1437	758	1018	352	662	434	911	50	668	1115	1001	1391	1238	61	1400	282	714	673	1421	1218	1192	508	459	757	8	546	483	1018	1037	385	489	318	965	311	276	452	49	1340	469	841	1046	776	1236	527	87	286	32	270	992	709	309	993	1287	190	1158	1230	1097	454	1211	1117	701	135	508	996	793	484	879	1351	607	1337	624	1074	1250	176	875	1029	1131	277	761	928
378	1429	696	557	1195	442	966	526	822	952	238	655	717	368	1005	1192	409	659	65	483	921	1388	1113	473	686	456	153	1241	845	947	443	825	337	533	949	626	1163	553	1158	1330	516	908	1145	720	136	567	398	979	106	1015	43	1267	947	1392	139	873	996	873	1302	1151	353	276	48	842	829	1408	485	1174	1429	904	179	280	459	201	1025	194	626	91	1400	377
1037	312	671	707	1365	300	891	592	795	641	503	744	80	58	1045	331	171	983	512	553	599	850	167	1017	698	1225	568	112	1337	412	1116	239	370	776	310	681	739	266	484	494	523	380	426	41	297	1306	1317	743	613	216	1200	459	1416	1125	1322	769	679	716	780	534	127	289	841	949	984	1377	388	680	1147	9	819	934	1266	413	1093	576	913	1219	927	600
269	78	679	705	395	1038	735	347	1267	568	748	855	362	931	221	242	546	427	1328	1281	395	681	1055	1426	746	349	628	347	564	1043	1299	1070	900	347	284	450	678	703	23	1058	1221	749	792	405	519	117	1073	558	1378	231	1377	721	999	517	1297	876	159	748	1277	1000	1383	773	925	1328	1195	318	1254	202	682	42	1169	893	31	1236	1140	472	1140	1400	974	1004
141	1200	907	518	345	1100	117	539	259	374	888	316	702	1005	453	1416	791	591	679	793	82	406	1070	663	1349	945	787	884	251	244	254	165	204	998	464	205	2	669	168	317	923	938	789	1276	69	689	1374	1068	1393	950	826	917	1414	1419	555	1232	1003	630	691	626	1040	1013	422	1105	837	617	1356	609	961	489	750	1155	148	1315	1072	1004	571	771	670	1373
